(
(0.00000 -1.00000 0.01385)
(0.00000 -1.00000 0.04155)
(0.00000 -1.00000 0.06925)
(0.00000 -1.00000 0.09695)
(0.00000 -1.00000 0.12465)
(0.00000 -1.00000 0.15235)
(0.00000 -1.00000 0.18006)
(0.00000 -1.00000 0.20776)
(0.00000 -1.00000 0.23546)
(0.00000 -1.00000 0.26316)
(0.00000 -1.00000 0.29086)
(0.00000 -1.00000 0.31856)
(0.00000 -1.00000 0.34626)
(0.00000 -1.00000 0.37396)
(0.00000 -1.00000 0.40166)
(0.00000 -1.00000 0.42936)
(0.00000 -1.00000 0.45706)
(0.00000 -1.00000 0.48476)
(0.00000 -1.00000 0.51247)
(0.00000 -1.00000 0.54017)
(0.00000 -1.00000 0.56787)
(0.00000 -1.00000 0.59557)
(0.00000 -1.00000 0.62327)
(0.00000 -1.00000 0.65097)
(0.00000 -1.00000 0.67867)
(0.00000 -1.00000 0.70637)
(0.00000 -1.00000 0.73407)
(0.00000 -1.00000 0.76177)
(0.00000 -1.00000 0.78947)
(0.00000 -1.00000 0.81717)
(0.00000 -1.00000 0.84488)
(0.00000 -1.00000 0.87258)
(0.00000 -1.00000 0.90028)
(0.00000 -1.00000 0.92798)
(0.00000 -1.00000 0.95568)
(0.00000 -1.00000 0.98338)
(0.00000 -1.00000 1.01108)
(0.00000 -1.00000 1.03878)
(0.00000 -1.00000 1.06648)
(0.00000 -1.00000 1.09418)
(0.00000 -1.00000 1.12188)
(0.00000 -1.00000 1.14958)
(0.00000 -1.00000 1.17729)
(0.00000 -1.00000 1.20499)
(0.00000 -1.00000 1.23269)
(0.00000 -1.00000 1.26039)
(0.00000 -1.00000 1.28809)
(0.00000 -1.00000 1.31579)
(0.00000 -1.00000 1.34349)
(0.00000 -1.00000 1.37119)
(0.00000 -1.00000 1.39889)
(0.00000 -1.00000 1.42659)
(0.00000 -1.00000 1.45429)
(0.00000 -1.00000 1.48199)
(0.00000 -1.00000 1.50970)
(0.00000 -1.00000 1.53740)
(0.00000 -1.00000 1.56510)
(0.00000 -1.00000 1.59280)
(0.00000 -1.00000 1.62050)
(0.00000 -1.00000 1.64820)
(0.00000 -1.00000 1.67590)
(0.00000 -1.00000 1.67590)
(0.00000 -1.00000 1.70360)
(0.00000 -1.00000 1.73130)
(0.00000 -1.00000 1.75900)
(0.00000 -1.00000 1.78670)
(0.00000 -1.00000 1.81440)
(0.00000 -1.00000 1.84211)
(0.00000 -1.00000 1.86981)
(0.00000 -1.00000 1.89751)
(0.00000 -1.00000 1.92521)
(0.00000 -1.00000 1.95291)
(0.00000 -1.00000 1.98061)
(0.00000 -1.00000 2.00831)
(0.00000 -1.00000 2.03601)
(0.00000 -1.00000 2.06371)
(0.00000 -1.00000 2.09141)
(0.00000 -1.00000 2.11911)
(0.00000 -1.00000 2.14681)
(0.00000 -1.00000 2.17452)
(0.00000 -1.00000 2.20222)
(0.00000 -1.00000 2.22992)
(0.00000 -1.00000 2.25762)
(0.00000 -1.00000 2.28532)
(0.00000 -1.00000 2.31302)
(0.00000 -1.00000 2.34072)
(0.00000 -1.00000 2.36842)
(0.00000 -1.00000 2.39612)
(0.00000 -1.00000 2.42382)
(0.00000 -1.00000 2.45152)
(0.00000 -1.00000 2.47922)
(0.00000 -1.00000 2.50693)
(0.00000 -1.00000 2.53463)
(0.00000 -1.00000 2.56233)
(0.00000 -1.00000 2.59003)
(0.00000 -1.00000 2.61773)
(0.00000 -1.00000 2.64543)
(0.00000 -1.00000 2.67313)
(0.00000 -1.00000 2.70083)
(0.00000 -1.00000 2.72853)
(0.00000 -1.00000 2.75623)
(0.00000 -1.00000 2.78393)
(0.00000 -1.00000 2.81163)
(0.00000 -1.00000 2.83934)
(0.00000 -1.00000 2.86704)
(0.00000 -1.00000 2.89474)
(0.00000 -1.00000 2.92244)
(0.00000 -1.00000 2.95014)
(0.00000 -1.00000 2.97784)
(0.00000 -1.00000 3.00554)
(0.00000 -1.00000 3.03324)
(0.00000 -1.00000 3.06094)
(0.00000 -1.00000 3.08864)
(0.00000 -1.00000 3.11634)
(0.00000 -1.00000 3.14404)
(0.00000 -1.00000 3.17175)
(0.00000 -1.00000 3.19945)
(0.00000 -1.00000 3.22715)
(0.00000 -1.00000 3.25485)
(0.00000 -1.00000 3.28255)
(0.00000 -1.00000 3.31025)
(0.00000 -1.00000 3.33795)
(0.00000 -1.00000 3.33795)
(0.00000 -1.00000 3.36565)
(0.00000 -1.00000 3.39335)
(0.00000 -1.00000 3.42105)
(0.00000 -1.00000 3.44875)
(0.00000 -1.00000 3.47645)
(0.00000 -1.00000 3.50416)
(0.00000 -1.00000 3.53186)
(0.00000 -1.00000 3.55956)
(0.00000 -1.00000 3.58726)
(0.00000 -1.00000 3.61496)
(0.00000 -1.00000 3.64266)
(0.00000 -1.00000 3.67036)
(0.00000 -1.00000 3.69806)
(0.00000 -1.00000 3.72576)
(0.00000 -1.00000 3.75346)
(0.00000 -1.00000 3.78116)
(0.00000 -1.00000 3.80886)
(0.00000 -1.00000 3.83657)
(0.00000 -1.00000 3.86427)
(0.00000 -1.00000 3.89197)
(0.00000 -1.00000 3.91967)
(0.00000 -1.00000 3.94737)
(0.00000 -1.00000 3.97507)
(0.00000 -1.00000 4.00277)
(0.00000 -1.00000 4.03047)
(0.00000 -1.00000 4.05817)
(0.00000 -1.00000 4.08587)
(0.00000 -1.00000 4.11357)
(0.00000 -1.00000 4.14127)
(0.00000 -1.00000 4.16898)
(0.00000 -1.00000 4.19668)
(0.00000 -1.00000 4.22438)
(0.00000 -1.00000 4.25208)
(0.00000 -1.00000 4.27978)
(0.00000 -1.00000 4.30748)
(0.00000 -1.00000 4.33518)
(0.00000 -1.00000 4.36288)
(0.00000 -1.00000 4.39058)
(0.00000 -1.00000 4.41828)
(0.00000 -1.00000 4.44598)
(0.00000 -1.00000 4.47368)
(0.00000 -1.00000 4.50139)
(0.00000 -1.00000 4.52909)
(0.00000 -1.00000 4.55679)
(0.00000 -1.00000 4.58449)
(0.00000 -1.00000 4.61219)
(0.00000 -1.00000 4.63989)
(0.00000 -1.00000 4.66759)
(0.00000 -1.00000 4.69529)
(0.00000 -1.00000 4.72299)
(0.00000 -1.00000 4.75069)
(0.00000 -1.00000 4.77839)
(0.00000 -1.00000 4.80609)
(0.00000 -1.00000 4.83380)
(0.00000 -1.00000 4.86150)
(0.00000 -1.00000 4.88920)
(0.00000 -1.00000 4.91690)
(0.00000 -1.00000 4.94460)
(0.00000 -1.00000 4.97230)
(0.00000 -1.00000 5.00000)
(0.00000 1.00000 0.01385)
(0.00000 1.00000 0.04155)
(0.00000 1.00000 0.06925)
(0.00000 1.00000 0.09695)
(0.00000 1.00000 0.12465)
(0.00000 1.00000 0.15235)
(0.00000 1.00000 0.18006)
(0.00000 1.00000 0.20776)
(0.00000 1.00000 0.23546)
(0.00000 1.00000 0.26316)
(0.00000 1.00000 0.29086)
(0.00000 1.00000 0.31856)
(0.00000 1.00000 0.34626)
(0.00000 1.00000 0.37396)
(0.00000 1.00000 0.40166)
(0.00000 1.00000 0.42936)
(0.00000 1.00000 0.45706)
(0.00000 1.00000 0.48476)
(0.00000 1.00000 0.51247)
(0.00000 1.00000 0.54017)
(0.00000 1.00000 0.56787)
(0.00000 1.00000 0.59557)
(0.00000 1.00000 0.62327)
(0.00000 1.00000 0.65097)
(0.00000 1.00000 0.67867)
(0.00000 1.00000 0.70637)
(0.00000 1.00000 0.73407)
(0.00000 1.00000 0.76177)
(0.00000 1.00000 0.78947)
(0.00000 1.00000 0.81717)
(0.00000 1.00000 0.84488)
(0.00000 1.00000 0.87258)
(0.00000 1.00000 0.90028)
(0.00000 1.00000 0.92798)
(0.00000 1.00000 0.95568)
(0.00000 1.00000 0.98338)
(0.00000 1.00000 1.01108)
(0.00000 1.00000 1.03878)
(0.00000 1.00000 1.06648)
(0.00000 1.00000 1.09418)
(0.00000 1.00000 1.12188)
(0.00000 1.00000 1.14958)
(0.00000 1.00000 1.17729)
(0.00000 1.00000 1.20499)
(0.00000 1.00000 1.23269)
(0.00000 1.00000 1.26039)
(0.00000 1.00000 1.28809)
(0.00000 1.00000 1.31579)
(0.00000 1.00000 1.34349)
(0.00000 1.00000 1.37119)
(0.00000 1.00000 1.39889)
(0.00000 1.00000 1.42659)
(0.00000 1.00000 1.45429)
(0.00000 1.00000 1.48199)
(0.00000 1.00000 1.50970)
(0.00000 1.00000 1.53740)
(0.00000 1.00000 1.56510)
(0.00000 1.00000 1.59280)
(0.00000 1.00000 1.62050)
(0.00000 1.00000 1.64820)
(0.00000 1.00000 1.67590)
(0.00000 1.00000 1.67590)
(0.00000 1.00000 1.70360)
(0.00000 1.00000 1.73130)
(0.00000 1.00000 1.75900)
(0.00000 1.00000 1.78670)
(0.00000 1.00000 1.81440)
(0.00000 1.00000 1.84211)
(0.00000 1.00000 1.86981)
(0.00000 1.00000 1.89751)
(0.00000 1.00000 1.92521)
(0.00000 1.00000 1.95291)
(0.00000 1.00000 1.98061)
(0.00000 1.00000 2.00831)
(0.00000 1.00000 2.03601)
(0.00000 1.00000 2.06371)
(0.00000 1.00000 2.09141)
(0.00000 1.00000 2.11911)
(0.00000 1.00000 2.14681)
(0.00000 1.00000 2.17452)
(0.00000 1.00000 2.20222)
(0.00000 1.00000 2.22992)
(0.00000 1.00000 2.25762)
(0.00000 1.00000 2.28532)
(0.00000 1.00000 2.31302)
(0.00000 1.00000 2.34072)
(0.00000 1.00000 2.36842)
(0.00000 1.00000 2.39612)
(0.00000 1.00000 2.42382)
(0.00000 1.00000 2.45152)
(0.00000 1.00000 2.47922)
(0.00000 1.00000 2.50693)
(0.00000 1.00000 2.53463)
(0.00000 1.00000 2.56233)
(0.00000 1.00000 2.59003)
(0.00000 1.00000 2.61773)
(0.00000 1.00000 2.64543)
(0.00000 1.00000 2.67313)
(0.00000 1.00000 2.70083)
(0.00000 1.00000 2.72853)
(0.00000 1.00000 2.75623)
(0.00000 1.00000 2.78393)
(0.00000 1.00000 2.81163)
(0.00000 1.00000 2.83934)
(0.00000 1.00000 2.86704)
(0.00000 1.00000 2.89474)
(0.00000 1.00000 2.92244)
(0.00000 1.00000 2.95014)
(0.00000 1.00000 2.97784)
(0.00000 1.00000 3.00554)
(0.00000 1.00000 3.03324)
(0.00000 1.00000 3.06094)
(0.00000 1.00000 3.08864)
(0.00000 1.00000 3.11634)
(0.00000 1.00000 3.14404)
(0.00000 1.00000 3.17175)
(0.00000 1.00000 3.19945)
(0.00000 1.00000 3.22715)
(0.00000 1.00000 3.25485)
(0.00000 1.00000 3.28255)
(0.00000 1.00000 3.31025)
(0.00000 1.00000 3.33795)
(0.00000 1.00000 3.33795)
(0.00000 1.00000 3.36565)
(0.00000 1.00000 3.39335)
(0.00000 1.00000 3.42105)
(0.00000 1.00000 3.44875)
(0.00000 1.00000 3.47645)
(0.00000 1.00000 3.50416)
(0.00000 1.00000 3.53186)
(0.00000 1.00000 3.55956)
(0.00000 1.00000 3.58726)
(0.00000 1.00000 3.61496)
(0.00000 1.00000 3.64266)
(0.00000 1.00000 3.67036)
(0.00000 1.00000 3.69806)
(0.00000 1.00000 3.72576)
(0.00000 1.00000 3.75346)
(0.00000 1.00000 3.78116)
(0.00000 1.00000 3.80886)
(0.00000 1.00000 3.83657)
(0.00000 1.00000 3.86427)
(0.00000 1.00000 3.89197)
(0.00000 1.00000 3.91967)
(0.00000 1.00000 3.94737)
(0.00000 1.00000 3.97507)
(0.00000 1.00000 4.00277)
(0.00000 1.00000 4.03047)
(0.00000 1.00000 4.05817)
(0.00000 1.00000 4.08587)
(0.00000 1.00000 4.11357)
(0.00000 1.00000 4.14127)
(0.00000 1.00000 4.16898)
(0.00000 1.00000 4.19668)
(0.00000 1.00000 4.22438)
(0.00000 1.00000 4.25208)
(0.00000 1.00000 4.27978)
(0.00000 1.00000 4.30748)
(0.00000 1.00000 4.33518)
(0.00000 1.00000 4.36288)
(0.00000 1.00000 4.39058)
(0.00000 1.00000 4.41828)
(0.00000 1.00000 4.44598)
(0.00000 1.00000 4.47368)
(0.00000 1.00000 4.50139)
(0.00000 1.00000 4.52909)
(0.00000 1.00000 4.55679)
(0.00000 1.00000 4.58449)
(0.00000 1.00000 4.61219)
(0.00000 1.00000 4.63989)
(0.00000 1.00000 4.66759)
(0.00000 1.00000 4.69529)
(0.00000 1.00000 4.72299)
(0.00000 1.00000 4.75069)
(0.00000 1.00000 4.77839)
(0.00000 1.00000 4.80609)
(0.00000 1.00000 4.83380)
(0.00000 1.00000 4.86150)
(0.00000 1.00000 4.88920)
(0.00000 1.00000 4.91690)
(0.00000 1.00000 4.94460)
(0.00000 1.00000 4.97230)
(0.00000 1.00000 5.00000)
)