(
(1.70485 -0.54760 0.00000 0.23006 0.00000 1.99295)
(2.14277 -0.54760 0.00000 0.59230 0.00000 1.75185)
(2.40839 -0.54760 0.00000 0.70878 0.00000 1.35363)
(2.70018 -0.54760 0.00000 0.68179 0.00000 1.21117)
(2.61599 -0.54760 0.00000 0.59131 0.00000 1.07425)
(2.47785 -0.54760 0.00000 0.53339 0.00000 1.02333)
(2.24627 -0.54760 0.00000 0.50905 0.00000 0.95560)
(2.23078 -0.54760 0.00000 0.51765 0.00000 0.94121)
(1.99256 -0.54760 0.00000 0.50588 0.00000 0.90624)
(2.10420 -0.54760 0.00000 0.51697 0.00000 0.86639)
(2.04253 -0.54760 0.00000 0.52033 0.00000 0.86075)
(2.02508 -0.54760 0.00000 0.52311 0.00000 0.85759)
(2.01356 -0.54760 0.00000 0.52941 0.00000 0.82809)
(1.93140 -0.54760 0.00000 0.53482 0.00000 0.80242)
(2.00001 -0.54760 0.00000 0.54913 0.00000 0.80683)
(2.04469 -0.54760 0.00000 0.54420 0.00000 0.77893)
(1.88212 -0.54760 0.00000 0.54325 0.00000 0.77462)
(1.81175 -0.54760 0.00000 0.52716 0.00000 0.74586)
(1.92101 -0.54760 0.00000 0.54114 0.00000 0.75364)
(1.80193 -0.54760 0.00000 0.53630 0.00000 0.74807)
(1.85801 -0.54760 0.00000 0.54314 0.00000 0.74363)
(1.72479 -0.54760 0.00000 0.52044 0.00000 0.71862)
(1.74177 -0.54760 0.00000 0.51785 0.00000 0.74095)
(1.75986 -0.54760 0.00000 0.53593 0.00000 0.71420)
(1.69647 -0.54760 0.00000 0.52271 0.00000 0.69695)
(1.67041 -0.54760 0.00000 0.51503 0.00000 0.67885)
(1.59833 -0.54760 0.00000 0.49637 0.00000 0.68883)
(1.54413 -0.54760 0.00000 0.49503 0.00000 0.67735)
(1.61283 -0.54760 0.00000 0.50207 0.00000 0.66252)
(1.52610 -0.54760 0.00000 0.48809 0.00000 0.64286)
(1.53528 -0.54760 0.00000 0.48586 0.00000 0.64294)
(1.52965 -0.54760 0.00000 0.46719 0.00000 0.62241)
(1.42310 -0.54760 0.00000 0.46256 0.00000 0.61031)
(1.52355 -0.54760 0.00000 0.47061 0.00000 0.62925)
(1.42219 -0.54760 0.00000 0.44922 0.00000 0.59898)
(1.38311 -0.54760 0.00000 0.46279 0.00000 0.58417)
(1.39691 -0.54760 0.00000 0.45193 0.00000 0.58053)
(1.32049 -0.54760 0.00000 0.44227 0.00000 0.55735)
(1.28390 -0.54760 0.00000 0.41998 0.00000 0.57028)
(1.30708 -0.54760 0.00000 0.42533 0.00000 0.54476)
(1.28699 -0.54760 0.00000 0.41882 0.00000 0.52666)
(1.29388 -0.54760 0.00000 0.43115 0.00000 0.54390)
(1.18511 -0.54760 0.00000 0.39453 0.00000 0.50970)
(1.18261 -0.54760 0.00000 0.39539 0.00000 0.49929)
(1.15690 -0.54760 0.00000 0.38507 0.00000 0.50452)
(1.20385 -0.54760 0.00000 0.38668 0.00000 0.48156)
(1.08150 -0.54760 0.00000 0.36379 0.00000 0.46291)
(1.11097 -0.54760 0.00000 0.36989 0.00000 0.46999)
(1.07328 -0.54760 0.00000 0.36385 0.00000 0.45987)
(1.00351 -0.54760 0.00000 0.34373 0.00000 0.44287)
(1.01668 -0.54760 0.00000 0.34164 0.00000 0.43287)
(0.97424 -0.54760 0.00000 0.34909 0.00000 0.43217)
(0.96752 -0.54760 0.00000 0.33568 0.00000 0.41342)
(0.94180 -0.54760 0.00000 0.31990 0.00000 0.41118)
(0.93017 -0.54760 0.00000 0.33207 0.00000 0.40258)
(0.86993 -0.54760 0.00000 0.30661 0.00000 0.38556)
(0.83658 -0.54760 0.00000 0.30094 0.00000 0.38583)
(0.79561 -0.54760 0.00000 0.28125 0.00000 0.35352)
(0.82022 -0.54760 0.00000 0.29514 0.00000 0.35543)
(0.78583 -0.54760 0.00000 0.28413 0.00000 0.35069)
(0.76034 -0.54760 0.00000 0.28263 0.00000 0.33974)
(0.75353 -0.54760 0.00000 0.27965 0.00000 0.33925)
(0.73037 -0.54760 0.00000 0.27692 0.00000 0.33588)
(0.67423 -0.54760 0.00000 0.26888 0.00000 0.31234)
(0.69213 -0.54760 0.00000 0.27181 0.00000 0.32066)
(0.68104 -0.54760 0.00000 0.26324 0.00000 0.30145)
(0.62673 -0.54760 0.00000 0.24991 0.00000 0.29751)
(0.64271 -0.54760 0.00000 0.25250 0.00000 0.30133)
(0.63785 -0.54760 0.00000 0.25469 0.00000 0.28417)
(0.61217 -0.54760 0.00000 0.24609 0.00000 0.27770)
(0.58039 -0.54760 0.00000 0.24090 0.00000 0.27990)
(0.57910 -0.54760 0.00000 0.24100 0.00000 0.27263)
(0.55217 -0.54760 0.00000 0.23260 0.00000 0.26079)
(0.53287 -0.54760 0.00000 0.22783 0.00000 0.24740)
(0.51145 -0.54760 0.00000 0.22447 0.00000 0.24533)
(0.49762 -0.54760 0.00000 0.22991 0.00000 0.25079)
(0.51741 -0.54760 0.00000 0.22208 0.00000 0.25587)
(0.49564 -0.54760 0.00000 0.21718 0.00000 0.24353)
(0.46684 -0.54760 0.00000 0.21219 0.00000 0.23454)
(0.46572 -0.54760 0.00000 0.21587 0.00000 0.23396)
(0.45217 -0.54760 0.00000 0.21122 0.00000 0.23323)
(0.44448 -0.54760 0.00000 0.20811 0.00000 0.21750)
(0.44953 -0.54760 0.00000 0.20913 0.00000 0.22047)
(0.42468 -0.54760 0.00000 0.20443 0.00000 0.21269)
(0.41676 -0.54760 0.00000 0.20659 0.00000 0.21264)
(0.41705 -0.54760 0.00000 0.20085 0.00000 0.21282)
(0.40346 -0.54760 0.00000 0.19931 0.00000 0.20372)
(0.38353 -0.54760 0.00000 0.19549 0.00000 0.20764)
(0.39227 -0.54760 0.00000 0.19801 0.00000 0.21273)
(0.37993 -0.54760 0.00000 0.19988 0.00000 0.19928)
(0.38404 -0.54760 0.00000 0.19913 0.00000 0.20204)
(0.36249 -0.54760 0.00000 0.19603 0.00000 0.19890)
(0.36766 -0.54760 0.00000 0.19091 0.00000 0.19495)
(0.34242 -0.54760 0.00000 0.18982 0.00000 0.18936)
(0.34721 -0.54760 0.00000 0.18976 0.00000 0.19101)
(0.34733 -0.54760 0.00000 0.19057 0.00000 0.18714)
(0.35998 -0.54760 0.00000 0.18908 0.00000 0.19080)
(0.34569 -0.54760 0.00000 0.18934 0.00000 0.18951)
(0.34664 -0.54760 0.00000 0.18435 0.00000 0.18885)
(0.36390 -0.54760 0.00000 0.18671 0.00000 0.18771)
(0.35495 -0.54760 0.00000 0.18740 0.00000 0.18655)
(0.34833 -0.54760 0.00000 0.18439 0.00000 0.18220)
(0.33165 -0.54760 0.00000 0.18648 0.00000 0.18117)
(0.33680 -0.54760 0.00000 0.17861 0.00000 0.18160)
(0.32423 -0.54760 0.00000 0.18505 0.00000 0.17434)
(0.33367 -0.54760 0.00000 0.18888 0.00000 0.18140)
(0.32967 -0.54760 0.00000 0.18963 0.00000 0.17877)
(0.32235 -0.54760 0.00000 0.18787 0.00000 0.17540)
(0.31638 -0.54760 0.00000 0.18128 0.00000 0.17640)
(0.31598 -0.54760 0.00000 0.18137 0.00000 0.17479)
(0.31668 -0.54760 0.00000 0.18037 0.00000 0.17227)
(0.32046 -0.54760 0.00000 0.17630 0.00000 0.17006)
(0.32683 -0.54760 0.00000 0.18515 0.00000 0.17746)
(0.33349 -0.54760 0.00000 0.19061 0.00000 0.17145)
(0.31423 -0.54760 0.00000 0.18140 0.00000 0.17443)
(0.31543 -0.54760 0.00000 0.17985 0.00000 0.16931)
(0.31127 -0.54760 0.00000 0.18790 0.00000 0.17168)
(0.31278 -0.54760 0.00000 0.18909 0.00000 0.17808)
(0.30686 -0.54760 0.00000 0.18429 0.00000 0.16953)
(0.30944 -0.54760 0.00000 0.18590 0.00000 0.16582)
(0.31944 -0.54760 0.00000 0.18385 0.00000 0.16989)
(0.30384 -0.54760 0.00000 0.18578 0.00000 0.16700)
(0.29772 -0.54760 0.00000 0.18550 0.00000 0.16552)
(0.30200 -0.54760 0.00000 0.18262 0.00000 0.16315)
(0.28843 -0.54760 0.00000 0.18018 0.00000 0.16611)
(0.29668 -0.54760 0.00000 0.18315 0.00000 0.16170)
(0.28867 -0.54760 0.00000 0.18317 0.00000 0.15626)
(0.29795 -0.54760 0.00000 0.18233 0.00000 0.16427)
(0.28927 -0.54760 0.00000 0.18040 0.00000 0.16010)
(0.28990 -0.54760 0.00000 0.17827 0.00000 0.16248)
(0.28713 -0.54760 0.00000 0.17515 0.00000 0.16302)
(0.27917 -0.54760 0.00000 0.17817 0.00000 0.16059)
(0.28306 -0.54760 0.00000 0.18534 0.00000 0.16022)
(0.28130 -0.54760 0.00000 0.18049 0.00000 0.15188)
(0.28179 -0.54760 0.00000 0.17956 0.00000 0.16144)
(0.28465 -0.54760 0.00000 0.18548 0.00000 0.15232)
(0.28557 -0.54760 0.00000 0.18031 0.00000 0.15704)
(0.28387 -0.54760 0.00000 0.19096 0.00000 0.15512)
(0.29271 -0.54760 0.00000 0.18094 0.00000 0.15550)
(0.27958 -0.54760 0.00000 0.18097 0.00000 0.15233)
(0.27853 -0.54760 0.00000 0.19194 0.00000 0.15921)
(0.27527 -0.54760 0.00000 0.18960 0.00000 0.15686)
(0.28716 -0.54760 0.00000 0.18461 0.00000 0.15139)
(0.27896 -0.54760 0.00000 0.18416 0.00000 0.15114)
(0.28169 -0.54760 0.00000 0.18481 0.00000 0.15272)
(0.28079 -0.54760 0.00000 0.19087 0.00000 0.14916)
(0.27014 -0.54760 0.00000 0.18212 0.00000 0.16018)
(0.28344 -0.54760 0.00000 0.18472 0.00000 0.15804)
(0.28091 -0.54760 0.00000 0.19117 0.00000 0.15366)
(0.26678 -0.54760 0.00000 0.19054 0.00000 0.15500)
(0.27602 -0.54760 0.00000 0.18743 0.00000 0.15596)
(0.27568 -0.54760 0.00000 0.19170 0.00000 0.15707)
(0.28899 -0.54760 0.00000 0.18553 0.00000 0.16017)
(0.28555 -0.54760 0.00000 0.18359 0.00000 0.15536)
(0.27575 -0.54760 0.00000 0.18844 0.00000 0.15087)
(0.28150 -0.54760 0.00000 0.19017 0.00000 0.15449)
(0.27596 -0.54760 0.00000 0.19349 0.00000 0.15784)
(0.28157 -0.54760 0.00000 0.18925 0.00000 0.16459)
(0.28501 -0.54760 0.00000 0.19109 0.00000 0.15712)
(0.27922 -0.54760 0.00000 0.19313 0.00000 0.16055)
(0.28622 -0.54760 0.00000 0.19316 0.00000 0.15752)
(0.28711 -0.54760 0.00000 0.19840 0.00000 0.15515)
(0.29292 -0.54760 0.00000 0.19983 0.00000 0.15945)
(0.28576 -0.54760 0.00000 0.19758 0.00000 0.15755)
(0.28929 -0.54760 0.00000 0.20424 0.00000 0.15584)
(0.29920 -0.54760 0.00000 0.20680 0.00000 0.15806)
(0.30491 -0.54760 0.00000 0.20512 0.00000 0.15819)
(0.28820 -0.54760 0.00000 0.19965 0.00000 0.15974)
(0.28431 -0.54760 0.00000 0.19913 0.00000 0.15657)
(0.28945 -0.54760 0.00000 0.19917 0.00000 0.15885)
(0.28601 -0.54760 0.00000 0.19722 0.00000 0.15511)
(0.28626 -0.54760 0.00000 0.20749 0.00000 0.15882)
(0.29045 -0.54760 0.00000 0.20824 0.00000 0.16202)
(0.30764 -0.54760 0.00000 0.20773 0.00000 0.16432)
(0.32217 -0.54760 0.00000 0.21139 0.00000 0.16835)
(0.31655 -0.54760 0.00000 0.21397 0.00000 0.16676)
(0.29599 -0.54760 0.00000 0.21793 0.00000 0.16470)
(0.31327 -0.54760 0.00000 0.21825 0.00000 0.17104)
(0.31540 -0.54760 0.00000 0.22151 0.00000 0.17275)
(0.32316 -0.54760 0.00000 0.21223 0.00000 0.16893)
(0.32599 -0.54760 0.00000 0.21957 0.00000 0.17323)
(0.32329 -0.54760 0.00000 0.22697 0.00000 0.17429)
(0.31256 -0.54760 0.00000 0.21712 0.00000 0.17019)
(1.70485 -0.54760 0.00000 0.23006 0.00000 1.99295)
(2.14277 -0.54760 0.00000 0.59230 0.00000 1.75185)
(2.40839 -0.54760 0.00000 0.70878 0.00000 1.35363)
(2.70018 -0.54760 0.00000 0.68179 0.00000 1.21117)
(2.61599 -0.54760 0.00000 0.59131 0.00000 1.07425)
(2.47785 -0.54760 0.00000 0.53339 0.00000 1.02333)
(2.24627 -0.54760 0.00000 0.50905 0.00000 0.95560)
(2.23078 -0.54760 0.00000 0.51765 0.00000 0.94121)
(1.99256 -0.54760 0.00000 0.50588 0.00000 0.90624)
(2.10420 -0.54760 0.00000 0.51697 0.00000 0.86639)
(2.04253 -0.54760 0.00000 0.52033 0.00000 0.86075)
(2.02508 -0.54760 0.00000 0.52311 0.00000 0.85759)
(2.01356 -0.54760 0.00000 0.52941 0.00000 0.82809)
(1.93140 -0.54760 0.00000 0.53482 0.00000 0.80242)
(2.00001 -0.54760 0.00000 0.54913 0.00000 0.80683)
(2.04469 -0.54760 0.00000 0.54420 0.00000 0.77893)
(1.88212 -0.54760 0.00000 0.54325 0.00000 0.77462)
(1.81175 -0.54760 0.00000 0.52716 0.00000 0.74586)
(1.92101 -0.54760 0.00000 0.54114 0.00000 0.75364)
(1.80193 -0.54760 0.00000 0.53630 0.00000 0.74807)
(1.85801 -0.54760 0.00000 0.54314 0.00000 0.74363)
(1.72479 -0.54760 0.00000 0.52044 0.00000 0.71862)
(1.74177 -0.54760 0.00000 0.51785 0.00000 0.74095)
(1.75986 -0.54760 0.00000 0.53593 0.00000 0.71420)
(1.69647 -0.54760 0.00000 0.52271 0.00000 0.69695)
(1.67041 -0.54760 0.00000 0.51503 0.00000 0.67885)
(1.59833 -0.54760 0.00000 0.49637 0.00000 0.68883)
(1.54413 -0.54760 0.00000 0.49503 0.00000 0.67735)
(1.61283 -0.54760 0.00000 0.50207 0.00000 0.66252)
(1.52610 -0.54760 0.00000 0.48809 0.00000 0.64286)
(1.53528 -0.54760 0.00000 0.48586 0.00000 0.64294)
(1.52965 -0.54760 0.00000 0.46719 0.00000 0.62241)
(1.42310 -0.54760 0.00000 0.46256 0.00000 0.61031)
(1.52355 -0.54760 0.00000 0.47061 0.00000 0.62925)
(1.42219 -0.54760 0.00000 0.44922 0.00000 0.59898)
(1.38311 -0.54760 0.00000 0.46279 0.00000 0.58417)
(1.39691 -0.54760 0.00000 0.45193 0.00000 0.58053)
(1.32049 -0.54760 0.00000 0.44227 0.00000 0.55735)
(1.28390 -0.54760 0.00000 0.41998 0.00000 0.57028)
(1.30708 -0.54760 0.00000 0.42533 0.00000 0.54476)
(1.28699 -0.54760 0.00000 0.41882 0.00000 0.52666)
(1.29388 -0.54760 0.00000 0.43115 0.00000 0.54390)
(1.18511 -0.54760 0.00000 0.39453 0.00000 0.50970)
(1.18261 -0.54760 0.00000 0.39539 0.00000 0.49929)
(1.15690 -0.54760 0.00000 0.38507 0.00000 0.50452)
(1.20385 -0.54760 0.00000 0.38668 0.00000 0.48156)
(1.08150 -0.54760 0.00000 0.36379 0.00000 0.46291)
(1.11097 -0.54760 0.00000 0.36989 0.00000 0.46999)
(1.07328 -0.54760 0.00000 0.36385 0.00000 0.45987)
(1.00351 -0.54760 0.00000 0.34373 0.00000 0.44287)
(1.01668 -0.54760 0.00000 0.34164 0.00000 0.43287)
(0.97424 -0.54760 0.00000 0.34909 0.00000 0.43217)
(0.96752 -0.54760 0.00000 0.33568 0.00000 0.41342)
(0.94180 -0.54760 0.00000 0.31990 0.00000 0.41118)
(0.93017 -0.54760 0.00000 0.33207 0.00000 0.40258)
(0.86993 -0.54760 0.00000 0.30661 0.00000 0.38556)
(0.83658 -0.54760 0.00000 0.30094 0.00000 0.38583)
(0.79561 -0.54760 0.00000 0.28125 0.00000 0.35352)
(0.82022 -0.54760 0.00000 0.29514 0.00000 0.35543)
(0.78583 -0.54760 0.00000 0.28413 0.00000 0.35069)
(0.76034 -0.54760 0.00000 0.28263 0.00000 0.33974)
(0.75353 -0.54760 0.00000 0.27965 0.00000 0.33925)
(0.73037 -0.54760 0.00000 0.27692 0.00000 0.33588)
(0.67423 -0.54760 0.00000 0.26888 0.00000 0.31234)
(0.69213 -0.54760 0.00000 0.27181 0.00000 0.32066)
(0.68104 -0.54760 0.00000 0.26324 0.00000 0.30145)
(0.62673 -0.54760 0.00000 0.24991 0.00000 0.29751)
(0.64271 -0.54760 0.00000 0.25250 0.00000 0.30133)
(0.63785 -0.54760 0.00000 0.25469 0.00000 0.28417)
(0.61217 -0.54760 0.00000 0.24609 0.00000 0.27770)
(0.58039 -0.54760 0.00000 0.24090 0.00000 0.27990)
(0.57910 -0.54760 0.00000 0.24100 0.00000 0.27263)
(0.55217 -0.54760 0.00000 0.23260 0.00000 0.26079)
(0.53287 -0.54760 0.00000 0.22783 0.00000 0.24740)
(0.51145 -0.54760 0.00000 0.22447 0.00000 0.24533)
(0.49762 -0.54760 0.00000 0.22991 0.00000 0.25079)
(0.51741 -0.54760 0.00000 0.22208 0.00000 0.25587)
(0.49564 -0.54760 0.00000 0.21718 0.00000 0.24353)
(0.46684 -0.54760 0.00000 0.21219 0.00000 0.23454)
(0.46572 -0.54760 0.00000 0.21587 0.00000 0.23396)
(0.45217 -0.54760 0.00000 0.21122 0.00000 0.23323)
(0.44448 -0.54760 0.00000 0.20811 0.00000 0.21750)
(0.44953 -0.54760 0.00000 0.20913 0.00000 0.22047)
(0.42468 -0.54760 0.00000 0.20443 0.00000 0.21269)
(0.41676 -0.54760 0.00000 0.20659 0.00000 0.21264)
(0.41705 -0.54760 0.00000 0.20085 0.00000 0.21282)
(0.40346 -0.54760 0.00000 0.19931 0.00000 0.20372)
(0.38353 -0.54760 0.00000 0.19549 0.00000 0.20764)
(0.39227 -0.54760 0.00000 0.19801 0.00000 0.21273)
(0.37993 -0.54760 0.00000 0.19988 0.00000 0.19928)
(0.38404 -0.54760 0.00000 0.19913 0.00000 0.20204)
(0.36249 -0.54760 0.00000 0.19603 0.00000 0.19890)
(0.36766 -0.54760 0.00000 0.19091 0.00000 0.19495)
(0.34242 -0.54760 0.00000 0.18982 0.00000 0.18936)
(0.34721 -0.54760 0.00000 0.18976 0.00000 0.19101)
(0.34733 -0.54760 0.00000 0.19057 0.00000 0.18714)
(0.35998 -0.54760 0.00000 0.18908 0.00000 0.19080)
(0.34569 -0.54760 0.00000 0.18934 0.00000 0.18951)
(0.34664 -0.54760 0.00000 0.18435 0.00000 0.18885)
(0.36390 -0.54760 0.00000 0.18671 0.00000 0.18771)
(0.35495 -0.54760 0.00000 0.18740 0.00000 0.18655)
(0.34833 -0.54760 0.00000 0.18439 0.00000 0.18220)
(0.33165 -0.54760 0.00000 0.18648 0.00000 0.18117)
(0.33680 -0.54760 0.00000 0.17861 0.00000 0.18160)
(0.32423 -0.54760 0.00000 0.18505 0.00000 0.17434)
(0.33367 -0.54760 0.00000 0.18888 0.00000 0.18140)
(0.32967 -0.54760 0.00000 0.18963 0.00000 0.17877)
(0.32235 -0.54760 0.00000 0.18787 0.00000 0.17540)
(0.31638 -0.54760 0.00000 0.18128 0.00000 0.17640)
(0.31598 -0.54760 0.00000 0.18137 0.00000 0.17479)
(0.31668 -0.54760 0.00000 0.18037 0.00000 0.17227)
(0.32046 -0.54760 0.00000 0.17630 0.00000 0.17006)
(0.32683 -0.54760 0.00000 0.18515 0.00000 0.17746)
(0.33349 -0.54760 0.00000 0.19061 0.00000 0.17145)
(0.31423 -0.54760 0.00000 0.18140 0.00000 0.17443)
(0.31543 -0.54760 0.00000 0.17985 0.00000 0.16931)
(0.31127 -0.54760 0.00000 0.18790 0.00000 0.17168)
(0.31278 -0.54760 0.00000 0.18909 0.00000 0.17808)
(0.30686 -0.54760 0.00000 0.18429 0.00000 0.16953)
(0.30944 -0.54760 0.00000 0.18590 0.00000 0.16582)
(0.31944 -0.54760 0.00000 0.18385 0.00000 0.16989)
(0.30384 -0.54760 0.00000 0.18578 0.00000 0.16700)
(0.29772 -0.54760 0.00000 0.18550 0.00000 0.16552)
(0.30200 -0.54760 0.00000 0.18262 0.00000 0.16315)
(0.28843 -0.54760 0.00000 0.18018 0.00000 0.16611)
(0.29668 -0.54760 0.00000 0.18315 0.00000 0.16170)
(0.28867 -0.54760 0.00000 0.18317 0.00000 0.15626)
(0.29795 -0.54760 0.00000 0.18233 0.00000 0.16427)
(0.28927 -0.54760 0.00000 0.18040 0.00000 0.16010)
(0.28990 -0.54760 0.00000 0.17827 0.00000 0.16248)
(0.28713 -0.54760 0.00000 0.17515 0.00000 0.16302)
(0.27917 -0.54760 0.00000 0.17817 0.00000 0.16059)
(0.28306 -0.54760 0.00000 0.18534 0.00000 0.16022)
(0.28130 -0.54760 0.00000 0.18049 0.00000 0.15188)
(0.28179 -0.54760 0.00000 0.17956 0.00000 0.16144)
(0.28465 -0.54760 0.00000 0.18548 0.00000 0.15232)
(0.28557 -0.54760 0.00000 0.18031 0.00000 0.15704)
(0.28387 -0.54760 0.00000 0.19096 0.00000 0.15512)
(0.29271 -0.54760 0.00000 0.18094 0.00000 0.15550)
(0.27958 -0.54760 0.00000 0.18097 0.00000 0.15233)
(0.27853 -0.54760 0.00000 0.19194 0.00000 0.15921)
(0.27527 -0.54760 0.00000 0.18960 0.00000 0.15686)
(0.28716 -0.54760 0.00000 0.18461 0.00000 0.15139)
(0.27896 -0.54760 0.00000 0.18416 0.00000 0.15114)
(0.28169 -0.54760 0.00000 0.18481 0.00000 0.15272)
(0.28079 -0.54760 0.00000 0.19087 0.00000 0.14916)
(0.27014 -0.54760 0.00000 0.18212 0.00000 0.16018)
(0.28344 -0.54760 0.00000 0.18472 0.00000 0.15804)
(0.28091 -0.54760 0.00000 0.19117 0.00000 0.15366)
(0.26678 -0.54760 0.00000 0.19054 0.00000 0.15500)
(0.27602 -0.54760 0.00000 0.18743 0.00000 0.15596)
(0.27568 -0.54760 0.00000 0.19170 0.00000 0.15707)
(0.28899 -0.54760 0.00000 0.18553 0.00000 0.16017)
(0.28555 -0.54760 0.00000 0.18359 0.00000 0.15536)
(0.27575 -0.54760 0.00000 0.18844 0.00000 0.15087)
(0.28150 -0.54760 0.00000 0.19017 0.00000 0.15449)
(0.27596 -0.54760 0.00000 0.19349 0.00000 0.15784)
(0.28157 -0.54760 0.00000 0.18925 0.00000 0.16459)
(0.28501 -0.54760 0.00000 0.19109 0.00000 0.15712)
(0.27922 -0.54760 0.00000 0.19313 0.00000 0.16055)
(0.28622 -0.54760 0.00000 0.19316 0.00000 0.15752)
(0.28711 -0.54760 0.00000 0.19840 0.00000 0.15515)
(0.29292 -0.54760 0.00000 0.19983 0.00000 0.15945)
(0.28576 -0.54760 0.00000 0.19758 0.00000 0.15755)
(0.28929 -0.54760 0.00000 0.20424 0.00000 0.15584)
(0.29920 -0.54760 0.00000 0.20680 0.00000 0.15806)
(0.30491 -0.54760 0.00000 0.20512 0.00000 0.15819)
(0.28820 -0.54760 0.00000 0.19965 0.00000 0.15974)
(0.28431 -0.54760 0.00000 0.19913 0.00000 0.15657)
(0.28945 -0.54760 0.00000 0.19917 0.00000 0.15885)
(0.28601 -0.54760 0.00000 0.19722 0.00000 0.15511)
(0.28626 -0.54760 0.00000 0.20749 0.00000 0.15882)
(0.29045 -0.54760 0.00000 0.20824 0.00000 0.16202)
(0.30764 -0.54760 0.00000 0.20773 0.00000 0.16432)
(0.32217 -0.54760 0.00000 0.21139 0.00000 0.16835)
(0.31655 -0.54760 0.00000 0.21397 0.00000 0.16676)
(0.29599 -0.54760 0.00000 0.21793 0.00000 0.16470)
(0.31327 -0.54760 0.00000 0.21825 0.00000 0.17104)
(0.31540 -0.54760 0.00000 0.22151 0.00000 0.17275)
(0.32316 -0.54760 0.00000 0.21223 0.00000 0.16893)
(0.32599 -0.54760 0.00000 0.21957 0.00000 0.17323)
(0.32329 -0.54760 0.00000 0.22697 0.00000 0.17429)
(0.31256 -0.54760 0.00000 0.21712 0.00000 0.17019)
)