(
6.10615
6.65019
6.99221
7.50489
7.91625
8.47772
8.78113
9.07636
9.33737
9.48627
9.72850
9.84086
10.04955
10.19805
10.31453
10.40455
10.43987
10.62475
10.78558
10.84821
10.90460
11.10080
11.13557
11.22626
11.38158
11.46945
11.55702
11.62495
11.70724
11.76841
11.86967
11.98501
12.03093
12.11634
12.15870
12.21671
12.29145
12.27060
12.43384
12.44827
12.56030
12.66285
12.79449
12.85716
12.77276
12.89521
12.97525
13.02677
13.09747
13.06623
13.18287
13.19392
13.29259
13.34109
13.37686
13.46489
13.56058
13.59932
13.60723
13.66543
13.71205
13.71910
13.70066
13.77800
13.84237
13.81848
13.94719
13.92221
13.95855
13.98888
14.02804
14.02278
14.09767
14.11914
14.13968
14.16808
14.21855
14.23493
14.20352
14.31280
14.27513
14.32097
14.34655
14.39015
14.38678
14.39742
14.43626
14.47312
14.43915
14.49933
14.47096
14.55384
14.58434
14.58232
14.60291
14.54663
14.59961
14.63445
14.53489
14.63100
14.61131
14.63812
14.68805
14.71384
14.72793
14.69686
14.74584
14.71049
14.75029
14.80870
14.72469
14.80033
14.77585
14.79616
14.81377
14.84518
14.83661
14.86377
14.87066
14.85467
14.85992
14.89045
14.87307
14.87076
14.84791
14.89139
14.89736
14.95095
14.93962
14.94407
14.92410
14.91073
14.92497
14.94702
14.92236
14.90923
14.93959
14.95713
14.89302
14.87161
14.94529
14.91935
14.94637
14.95794
14.94604
14.93433
14.91234
14.94841
14.98005
14.95636
14.97111
14.95361
14.93650
14.97202
14.95956
14.97417
14.92717
14.94362
14.96640
14.90136
14.96264
14.93968
14.94023
14.93468
14.95166
14.93315
14.91668
14.95587
14.94329
14.94311
14.96277
14.90545
14.95218
14.92037
14.93979
14.93484
14.92991
14.89265
14.92762
14.90946
14.87299
14.88120
14.91643
6.10615
6.65019
6.99221
7.50489
7.91625
8.47772
8.78113
9.07636
9.33737
9.48627
9.72850
9.84086
10.04955
10.19805
10.31453
10.40455
10.43987
10.62475
10.78558
10.84821
10.90460
11.10080
11.13557
11.22626
11.38158
11.46945
11.55702
11.62495
11.70724
11.76841
11.86967
11.98501
12.03093
12.11634
12.15870
12.21671
12.29145
12.27060
12.43384
12.44827
12.56030
12.66285
12.79449
12.85716
12.77276
12.89521
12.97525
13.02677
13.09747
13.06623
13.18287
13.19392
13.29259
13.34109
13.37686
13.46489
13.56058
13.59932
13.60723
13.66543
13.71205
13.71910
13.70066
13.77800
13.84237
13.81848
13.94719
13.92221
13.95855
13.98888
14.02804
14.02278
14.09767
14.11914
14.13968
14.16808
14.21855
14.23493
14.20352
14.31280
14.27513
14.32097
14.34655
14.39015
14.38678
14.39742
14.43626
14.47312
14.43915
14.49933
14.47096
14.55384
14.58434
14.58232
14.60291
14.54663
14.59961
14.63445
14.53489
14.63100
14.61131
14.63812
14.68805
14.71384
14.72793
14.69686
14.74584
14.71049
14.75029
14.80870
14.72469
14.80033
14.77585
14.79616
14.81377
14.84518
14.83661
14.86377
14.87066
14.85467
14.85992
14.89045
14.87307
14.87076
14.84791
14.89139
14.89736
14.95095
14.93962
14.94407
14.92410
14.91073
14.92497
14.94702
14.92236
14.90923
14.93959
14.95713
14.89302
14.87161
14.94529
14.91935
14.94637
14.95794
14.94604
14.93433
14.91234
14.94841
14.98005
14.95636
14.97111
14.95361
14.93650
14.97202
14.95956
14.97417
14.92717
14.94362
14.96640
14.90136
14.96264
14.93968
14.94023
14.93468
14.95166
14.93315
14.91668
14.95587
14.94329
14.94311
14.96277
14.90545
14.95218
14.92037
14.93979
14.93484
14.92991
14.89265
14.92762
14.90946
14.87299
14.88120
14.91643
)