2.216066e-01 5.366137e-01 1.029914e-01 5.942208e-02
4.432133e-01 4.172294e-01 8.897809e-02 5.683852e-02
6.648200e-01 5.542548e-01 9.551238e-02 6.465728e-02
8.864266e-01 4.366271e-01 1.275953e-01 7.168479e-02
1.108033e+00 4.202861e-01 1.031668e-01 6.020540e-02
1.329640e+00 4.297720e-01 7.130887e-02 6.339398e-02
1.551247e+00 1.946783e-01 7.194638e-02 3.729868e-02
1.772853e+00 2.015147e-01 6.825899e-02 4.891208e-02
1.994460e+00 1.591418e-01 1.180291e-01 7.702473e-02
2.216067e+00 2.090704e-01 1.276947e-01 6.458974e-02
2.437673e+00 1.567691e-01 6.162534e-02 7.339853e-02
2.659280e+00 1.029354e-01 7.930633e-02 8.178362e-02
2.880886e+00 1.548821e-01 8.625068e-02 6.603670e-02
3.102493e+00 1.749879e-01 7.345456e-02 7.891160e-02
3.324100e+00 1.345303e-01 1.068632e-01 8.669319e-02
3.545706e+00 1.177656e-01 7.205017e-02 5.717641e-02
3.767313e+00 9.908269e-02 8.247522e-02 4.731497e-02
3.988920e+00 7.358241e-02 9.451955e-02 4.455561e-02
4.210526e+00 8.561337e-02 7.845734e-02 5.703143e-02
4.432133e+00 6.972647e-02 8.003445e-02 3.152532e-02
4.653739e+00 5.543046e-02 8.808274e-02 3.683274e-02
4.875346e+00 6.811893e-02 5.278358e-02 4.945898e-02
5.096953e+00 8.704697e-02 5.638843e-02 4.112472e-02
5.318560e+00 9.029001e-02 4.718563e-02 3.801136e-02
5.540166e+00 3.934830e-02 3.395695e-02 3.650533e-02
5.761773e+00 3.590290e-02 3.236555e-02 2.682476e-02
5.983379e+00 4.221058e-02 4.919041e-02 2.913776e-02
6.204986e+00 3.494261e-02 5.304836e-02 2.191977e-02
6.426593e+00 3.905941e-02 3.724100e-02 3.220018e-02
6.648200e+00 5.155354e-02 4.297153e-02 5.072184e-02
6.869806e+00 5.360351e-02 3.643630e-02 3.113801e-02
7.091413e+00 4.579733e-02 3.256705e-02 2.391292e-02
7.313019e+00 3.290147e-02 2.605073e-02 3.053527e-02
7.534626e+00 2.568215e-02 2.316600e-02 3.307776e-02
7.756233e+00 2.360464e-02 2.110102e-02 4.389573e-02
7.977839e+00 1.959957e-02 2.244970e-02 4.743790e-02
8.199446e+00 3.005232e-02 1.981074e-02 2.333857e-02
8.421053e+00 3.486482e-02 2.187462e-02 1.611710e-02
8.642659e+00 2.608002e-02 3.340345e-02 2.219545e-02
8.864266e+00 2.849018e-02 3.643594e-02 2.066704e-02
9.085873e+00 2.616891e-02 3.851488e-02 2.062418e-02
9.307479e+00 1.911818e-02 2.891653e-02 1.243047e-02
9.529086e+00 2.051987e-02 1.947464e-02 1.434958e-02
9.750692e+00 2.435197e-02 1.882513e-02 1.834450e-02
9.972300e+00 2.192632e-02 1.716757e-02 1.910839e-02
1.019391e+01 2.071062e-02 2.572715e-02 2.152314e-02
1.041551e+01 3.851952e-02 2.060534e-02 1.109253e-02
1.063712e+01 2.870418e-02 1.777351e-02 1.426381e-02
1.085873e+01 1.516900e-02 2.573258e-02 2.437595e-02
1.108033e+01 1.289864e-02 1.800818e-02 1.487190e-02
1.130194e+01 1.572600e-02 1.004011e-02 1.607098e-02
1.152355e+01 1.493725e-02 1.088505e-02 1.172406e-02
1.174515e+01 1.808933e-02 1.808454e-02 5.992868e-03
1.196676e+01 1.485103e-02 1.193809e-02 1.394609e-02
1.218837e+01 1.263077e-02 1.996744e-02 1.415107e-02
1.240997e+01 1.171007e-02 1.763412e-02 1.171729e-02
1.263158e+01 1.562346e-02 1.650298e-02 1.028938e-02
1.285319e+01 1.106897e-02 1.643224e-02 7.231848e-03
1.307479e+01 1.075630e-02 1.032148e-02 7.316000e-03
1.329640e+01 1.349215e-02 1.345713e-02 1.419889e-02
1.351801e+01 1.486898e-02 1.089322e-02 8.800471e-03
1.373961e+01 1.153752e-02 7.912466e-03 6.636058e-03
1.396122e+01 1.263283e-02 1.223075e-02 9.355315e-03
1.418283e+01 1.191478e-02 1.626555e-02 9.171256e-03
1.440443e+01 1.203153e-02 1.455166e-02 8.581436e-03
1.462604e+01 8.546887e-03 1.118911e-02 1.336173e-02
1.484765e+01 1.209119e-02 1.083878e-02 1.293467e-02
1.506925e+01 1.388621e-02 1.179190e-02 1.028214e-02
1.529086e+01 9.284676e-03 9.011270e-03 7.766013e-03
1.551247e+01 9.940288e-03 1.048505e-02 6.792597e-03
1.573407e+01 1.064602e-02 1.466498e-02 8.716130e-03
1.595568e+01 7.859237e-03 1.166933e-02 9.179567e-03
1.617729e+01 1.020098e-02 9.768187e-03 9.042243e-03
1.639889e+01 7.783862e-03 1.226162e-02 9.962662e-03
1.662050e+01 6.786100e-03 8.611524e-03 1.061273e-02
1.684211e+01 7.361426e-03 7.421833e-03 8.797416e-03
1.706371e+01 5.558958e-03 1.140195e-02 6.931955e-03
1.728532e+01 8.070122e-03 1.126223e-02 8.755194e-03
1.750693e+01 9.669321e-03 1.194754e-02 1.276529e-02
1.772853e+01 7.869424e-03 5.620266e-03 1.032782e-02
1.795014e+01 6.144294e-03 4.950474e-03 7.357896e-03
1.817175e+01 5.173220e-03 7.483382e-03 6.643564e-03
1.839335e+01 4.811910e-03 4.679915e-03 7.078201e-03
1.861496e+01 7.508502e-03 5.691638e-03 5.209513e-03
1.883657e+01 9.379584e-03 8.335701e-03 3.763463e-03
1.905817e+01 7.874254e-03 7.294565e-03 4.046931e-03
1.927978e+01 6.124035e-03 8.082627e-03 7.216653e-03
1.950138e+01 6.674157e-03 6.378866e-03 5.815490e-03
1.972299e+01 5.718154e-03 7.016223e-03 4.436696e-03
1.994460e+01 6.589467e-03 1.045866e-02 5.673212e-03
2.016620e+01 5.139270e-03 8.039620e-03 5.406789e-03
2.038781e+01 5.142631e-03 8.350799e-03 6.092004e-03
2.060942e+01 5.996495e-03 1.070097e-02 5.224255e-03
2.083102e+01 2.795980e-03 7.883932e-03 6.165279e-03
2.105263e+01 3.699634e-03 6.628497e-03 6.599587e-03
2.127424e+01 5.171748e-03 8.945948e-03 6.742405e-03
2.149585e+01 6.900765e-03 7.710868e-03 3.460453e-03
2.171745e+01 6.903300e-03 8.028816e-03 3.220664e-03
2.193906e+01 4.887265e-03 7.801626e-03 4.125598e-03
2.216067e+01 3.173086e-03 5.813045e-03 6.369221e-03
2.238227e+01 3.794619e-03 6.569288e-03 6.408468e-03
2.260388e+01 6.256008e-03 6.972537e-03 6.411959e-03
2.282549e+01 6.972584e-03 6.265738e-03 6.721773e-03
2.304709e+01 3.206817e-03 8.495308e-03 5.146773e-03
2.326870e+01 4.328686e-03 7.803443e-03 6.380469e-03
2.349030e+01 5.147485e-03 3.989198e-03 6.209533e-03
2.371191e+01 4.823569e-03 4.136206e-03 4.208590e-03
2.393352e+01 4.855939e-03 6.097134e-03 3.807517e-03
2.415512e+01 5.547707e-03 6.464139e-03 2.843845e-03
2.437673e+01 4.381278e-03 7.399149e-03 3.715684e-03
2.459834e+01 3.998406e-03 5.573137e-03 4.979196e-03
2.481994e+01 5.193229e-03 4.976201e-03 2.878267e-03
2.504155e+01 5.079853e-03 5.572308e-03 3.801435e-03
2.526316e+01 4.914973e-03 4.500259e-03 5.019322e-03
2.548476e+01 4.673297e-03 4.933052e-03 2.688783e-03
2.570637e+01 2.629946e-03 4.235228e-03 3.608471e-03
2.592798e+01 3.206638e-03 4.243074e-03 3.096219e-03
2.614958e+01 3.102149e-03 3.372932e-03 2.621833e-03
2.637119e+01 3.961989e-03 3.245012e-03 2.415998e-03
2.659280e+01 5.976598e-03 2.992978e-03 3.952911e-03
2.681440e+01 4.529646e-03 3.735137e-03 3.596915e-03
2.703601e+01 3.929663e-03 4.340554e-03 5.924844e-03
2.725762e+01 4.670620e-03 5.411583e-03 4.872401e-03
2.747923e+01 3.983147e-03 3.403765e-03 2.402639e-03
2.770083e+01 3.438750e-03 4.918482e-03 2.873936e-03
2.792244e+01 4.553899e-03 4.576281e-03 3.840976e-03
2.814404e+01 5.247754e-03 5.631628e-03 6.378135e-03
2.836565e+01 2.996327e-03 4.670958e-03 4.650805e-03
2.858726e+01 3.526934e-03 4.020109e-03 3.050454e-03
2.880886e+01 4.368298e-03 4.062434e-03 3.413697e-03
2.903047e+01 3.361764e-03 2.875996e-03 4.755371e-03
2.925208e+01 3.358434e-03 3.303030e-03 3.996779e-03
2.947368e+01 4.680341e-03 2.999838e-03 2.966415e-03
2.969529e+01 3.222968e-03 2.220679e-03 3.962704e-03
2.991690e+01 3.388870e-03 2.541391e-03 4.634340e-03
3.013850e+01 3.284836e-03 1.897626e-03 4.550700e-03
3.036011e+01 2.599965e-03 2.965295e-03 3.688923e-03
3.058172e+01 2.039722e-03 4.531378e-03 2.456094e-03
3.080332e+01 2.362294e-03 3.592600e-03 1.738336e-03
3.102493e+01 2.738121e-03 3.195220e-03 3.067038e-03
3.124654e+01 3.100368e-03 2.670700e-03 3.047579e-03
3.146814e+01 2.448189e-03 3.489715e-03 3.384795e-03
3.168975e+01 2.512073e-03 5.122882e-03 1.917392e-03
3.191136e+01 2.753335e-03 4.349552e-03 2.052079e-03
3.213297e+01 2.421656e-03 4.615076e-03 1.956460e-03
3.235457e+01 3.710170e-03 3.137930e-03 2.463474e-03
3.257618e+01 4.353906e-03 3.707495e-03 2.313025e-03
3.279778e+01 3.742392e-03 2.696742e-03 3.664199e-03
3.301939e+01 1.966605e-03 4.084351e-03 4.237206e-03
3.324100e+01 2.090084e-03 3.250194e-03 3.008567e-03
3.346260e+01 1.369730e-03 2.480493e-03 1.952522e-03
3.368421e+01 1.836943e-03 2.918108e-03 1.058666e-03
3.390582e+01 2.743514e-03 3.702551e-03 1.579005e-03
3.412742e+01 3.966352e-03 3.363094e-03 1.574826e-03
3.434903e+01 3.346182e-03 3.110018e-03 1.591482e-03
3.457064e+01 2.247096e-03 2.889458e-03 2.044822e-03
3.479224e+01 1.859217e-03 2.334897e-03 2.529027e-03
3.501385e+01 4.142640e-03 2.347632e-03 2.583322e-03
3.523546e+01 3.559399e-03 3.307708e-03 2.067676e-03
3.545707e+01 2.396262e-03 2.156678e-03 2.314417e-03
3.567867e+01 1.777333e-03 2.276785e-03 2.679613e-03
3.590028e+01 1.742606e-03 2.758490e-03 2.796064e-03
3.612188e+01 2.658414e-03 3.202213e-03 2.592115e-03
3.634349e+01 3.183994e-03 3.101187e-03 2.586036e-03
3.656510e+01 2.417283e-03 3.149928e-03 2.549467e-03
3.678671e+01 2.943912e-03 3.723634e-03 2.199895e-03
3.700831e+01 2.229562e-03 2.698614e-03 1.969444e-03
3.722992e+01 2.217944e-03 1.785503e-03 1.577982e-03
3.745152e+01 3.153269e-03 1.741021e-03 2.616434e-03
3.767313e+01 3.122869e-03 2.345766e-03 2.932212e-03
3.789474e+01 2.291451e-03 2.083967e-03 2.943012e-03
3.811634e+01 1.903379e-03 2.114206e-03 2.340784e-03
3.833795e+01 1.576986e-03 2.421409e-03 1.874367e-03
3.855956e+01 1.444595e-03 2.493822e-03 2.395480e-03
3.878116e+01 1.799705e-03 2.509224e-03 2.911488e-03
3.900277e+01 2.471213e-03 3.165988e-03 2.445045e-03
3.922438e+01 1.587478e-03 2.145738e-03 1.478277e-03
3.944598e+01 1.210138e-03 2.373431e-03 1.138508e-03
3.966759e+01 1.298133e-03 2.541091e-03 1.397685e-03
3.988920e+01 1.606201e-03 1.928019e-03 1.924703e-03
4.011080e+01 1.767596e-03 1.308282e-03 1.403944e-03
4.033241e+01 2.183560e-03 1.222066e-03 2.018195e-03
4.055402e+01 1.707520e-03 1.813301e-03 1.758766e-03
4.077562e+01 1.163156e-03 1.619504e-03 2.223585e-03
4.099723e+01 1.873463e-03 2.101633e-03 2.407456e-03
4.121884e+01 2.843034e-03 2.363758e-03 1.929560e-03
4.144044e+01 2.792612e-03 1.927782e-03 1.823493e-03
4.166205e+01 2.451353e-03 1.614816e-03 1.473677e-03
4.188366e+01 1.804731e-03 2.232092e-03 2.264823e-03
4.210526e+01 1.992515e-03 2.475121e-03 1.888335e-03
4.232687e+01 1.932062e-03 2.096608e-03 1.660608e-03
4.254848e+01 1.626077e-03 1.850201e-03 1.862533e-03
4.277008e+01 1.704918e-03 2.141368e-03 1.175505e-03
4.299169e+01 1.765475e-03 2.181888e-03 1.294909e-03
4.321329e+01 1.659213e-03 2.095080e-03 1.922296e-03
4.343490e+01 1.598340e-03 1.604061e-03 1.489749e-03
4.365651e+01 1.214573e-03 1.856345e-03 1.580386e-03
4.387812e+01 1.738056e-03 1.919521e-03 1.927441e-03
4.409972e+01 1.232881e-03 1.358322e-03 1.922288e-03
4.432133e+01 1.664540e-03 1.285212e-03 1.083418e-03
4.454293e+01 2.180826e-03 1.848317e-03 1.233693e-03
4.476454e+01 1.960525e-03 1.584991e-03 1.588897e-03
4.498615e+01 1.663879e-03 1.471792e-03 2.223840e-03
4.520776e+01 1.720490e-03 1.585315e-03 2.367846e-03
4.542936e+01 1.803556e-03 2.495088e-03 2.153641e-03
4.565097e+01 1.719035e-03 2.123033e-03 1.928517e-03
4.587258e+01 1.371120e-03 1.856411e-03 1.585628e-03
4.609418e+01 1.851087e-03 1.579901e-03 1.348459e-03
4.631579e+01 1.511485e-03 1.955769e-03 1.458146e-03
4.653740e+01 1.209818e-03 2.149281e-03 1.345679e-03
4.675900e+01 1.165427e-03 1.930953e-03 9.702198e-04
4.698061e+01 1.317042e-03 2.015674e-03 1.185772e-03
4.720222e+01 1.511181e-03 1.796184e-03 1.912777e-03
4.742382e+01 1.566855e-03 1.418648e-03 2.234044e-03
4.764543e+01 1.822073e-03 1.602042e-03 1.250452e-03
4.786703e+01 1.885851e-03 1.774016e-03 9.525422e-04
4.808864e+01 1.854720e-03 1.852814e-03 1.620935e-03
4.831025e+01 1.370441e-03 1.500609e-03 1.524847e-03
4.853186e+01 1.201764e-03 1.249262e-03 1.461679e-03
4.875346e+01 1.472260e-03 1.796411e-03 1.317654e-03
4.897507e+01 1.529413e-03 1.627256e-03 9.119701e-04
4.919667e+01 1.545052e-03 1.784002e-03 1.430829e-03
4.941828e+01 1.045431e-03 2.007761e-03 1.207102e-03
4.963989e+01 1.495837e-03 1.683521e-03 1.251318e-03
4.986150e+01 1.713167e-03 1.493844e-03 1.381294e-03
5.008310e+01 1.336213e-03 1.310306e-03 1.445755e-03
5.030471e+01 1.385050e-03 1.380165e-03 1.281807e-03
5.052632e+01 1.519501e-03 1.111089e-03 9.781341e-04
5.074792e+01 1.378323e-03 1.204212e-03 1.033464e-03
5.096953e+01 1.462722e-03 1.509488e-03 1.505307e-03
5.119114e+01 1.668626e-03 1.516303e-03 1.654878e-03
5.141274e+01 1.618712e-03 1.747210e-03 1.194653e-03
5.163435e+01 1.335748e-03 1.670338e-03 1.326530e-03
5.185596e+01 1.114035e-03 1.050872e-03 1.264853e-03
5.207756e+01 1.306323e-03 8.731332e-04 1.031643e-03
5.229917e+01 1.276143e-03 1.642604e-03 1.041372e-03
5.252077e+01 1.318769e-03 1.274175e-03 1.480493e-03
5.274238e+01 1.424861e-03 1.025248e-03 1.393948e-03
5.296399e+01 1.194392e-03 9.330090e-04 9.886022e-04
5.318560e+01 1.325057e-03 1.565591e-03 1.190813e-03
5.340720e+01 1.052133e-03 1.442543e-03 1.048022e-03
5.362881e+01 1.070572e-03 1.495950e-03 1.363843e-03
5.385041e+01 1.105846e-03 1.486865e-03 1.155637e-03
5.407202e+01 7.513252e-04 1.393026e-03 8.448367e-04
5.429363e+01 9.681118e-04 1.420559e-03 9.467330e-04
5.451524e+01 1.342830e-03 9.915124e-04 8.884448e-04
5.473684e+01 1.417285e-03 1.004585e-03 8.532456e-04
5.495845e+01 1.191017e-03 8.713701e-04 1.081419e-03
5.518005e+01 8.544695e-04 1.077736e-03 1.457522e-03
5.540166e+01 1.230982e-03 1.314141e-03 1.431233e-03
5.562327e+01 1.203897e-03 1.335000e-03 9.139529e-04
5.584488e+01 1.008593e-03 1.398703e-03 9.703502e-04
5.606648e+01 9.775088e-04 1.487345e-03 1.011601e-03
5.628809e+01 1.050665e-03 1.318831e-03 1.076677e-03
5.650970e+01 1.035261e-03 1.341741e-03 9.775931e-04
5.673130e+01 1.415226e-03 1.177262e-03 1.087663e-03
5.695291e+01 1.103925e-03 1.106631e-03 1.174710e-03
5.717451e+01 1.045900e-03 1.144914e-03 1.142363e-03
5.739612e+01 1.250260e-03 1.390602e-03 1.126530e-03
5.761773e+01 1.238150e-03 1.187378e-03 1.041707e-03
5.783934e+01 1.317324e-03 1.195433e-03 9.774786e-04
5.806094e+01 9.522709e-04 1.291480e-03 9.863420e-04
5.828255e+01 8.391383e-04 1.777714e-03 7.867375e-04
5.850415e+01 1.028471e-03 1.396438e-03 1.078762e-03
5.872576e+01 8.737564e-04 1.293696e-03 9.569786e-04
5.894737e+01 9.018209e-04 1.264446e-03 1.021249e-03
5.916898e+01 1.062597e-03 1.040171e-03 9.852161e-04
5.939058e+01 9.450471e-04 1.083308e-03 8.817082e-04
5.961219e+01 9.992117e-04 1.134120e-03 9.014839e-04
5.983379e+01 9.266312e-04 1.098274e-03 8.802710e-04
6.005540e+01 1.035579e-03 1.260242e-03 7.595589e-04
6.027701e+01 1.020688e-03 1.188070e-03 6.673965e-04
6.049862e+01 8.509343e-04 9.412386e-04 1.318977e-03
6.072022e+01 1.138635e-03 1.306645e-03 1.325668e-03
6.094183e+01 1.324598e-03 1.327355e-03 1.280416e-03
6.116343e+01 1.011575e-03 1.400233e-03 8.519328e-04
6.138504e+01 9.300091e-04 1.332124e-03 4.475876e-04
6.160665e+01 9.452423e-04 1.108036e-03 6.681256e-04
6.182825e+01 1.118504e-03 9.975143e-04 7.917798e-04
6.204986e+01 1.134754e-03 1.418761e-03 1.042646e-03
6.227147e+01 9.241352e-04 1.338759e-03 1.049383e-03
6.249308e+01 7.617932e-04 8.640467e-04 9.328968e-04
6.271468e+01 8.292942e-04 7.583053e-04 7.631804e-04
6.293629e+01 1.190043e-03 1.031879e-03 8.016263e-04
6.315789e+01 1.131594e-03 1.290405e-03 8.876359e-04
6.337950e+01 9.198944e-04 1.192004e-03 7.653366e-04
6.360111e+01 7.224967e-04 1.042833e-03 1.185859e-03
6.382272e+01 8.864375e-04 8.639324e-04 9.453159e-04
6.404432e+01 8.810763e-04 8.240493e-04 7.664987e-04
6.426593e+01 9.993695e-04 1.024654e-03 6.507428e-04
6.448753e+01 9.667586e-04 8.778545e-04 6.625231e-04
6.470914e+01 9.649781e-04 1.018571e-03 8.462225e-04
6.493075e+01 1.241771e-03 1.018903e-03 8.038182e-04
6.515235e+01 9.853526e-04 1.011029e-03 7.043502e-04
6.537396e+01 1.058834e-03 9.076582e-04 8.944729e-04
6.559557e+01 1.029246e-03 8.053750e-04 7.001293e-04
6.581718e+01 1.039760e-03 7.078819e-04 5.596754e-04
6.603878e+01 1.151001e-03 8.701672e-04 8.448532e-04
6.626039e+01 1.060927e-03 1.090905e-03 7.134439e-04
6.648199e+01 8.844879e-04 1.169765e-03 6.367004e-04
6.670360e+01 6.889632e-04 1.023759e-03 9.173076e-04
6.692521e+01 7.794471e-04 8.748032e-04 1.187260e-03
6.714681e+01 6.185985e-04 8.215223e-04 1.140588e-03
6.736842e+01 8.864976e-04 1.144838e-03 1.013281e-03
6.759003e+01 8.886770e-04 7.504778e-04 5.426502e-04
6.781164e+01 8.724515e-04 8.421028e-04 6.744350e-04
6.803324e+01 9.727469e-04 5.878766e-04 7.628212e-04
6.825484e+01 7.016668e-04 7.712676e-04 9.208662e-04
6.847646e+01 7.882487e-04 7.685504e-04 9.702735e-04
6.869806e+01 7.540251e-04 7.094856e-04 8.618161e-04
6.891967e+01 6.477762e-04 7.939930e-04 8.103341e-04
6.914127e+01 8.612743e-04 1.025616e-03 8.151827e-04
6.936288e+01 1.051667e-03 9.965856e-04 8.792537e-04
6.958449e+01 8.718299e-04 7.619532e-04 7.180771e-04
6.980609e+01 6.565854e-04 9.767642e-04 6.186538e-04
7.002770e+01 7.739128e-04 8.965580e-04 4.574056e-04
7.024931e+01 8.141253e-04 9.314003e-04 4.816341e-04
7.047092e+01 7.599305e-04 8.871757e-04 6.805888e-04
7.069252e+01 5.904458e-04 7.061276e-04 8.580384e-04
7.091413e+01 6.480798e-04 7.520449e-04 6.651275e-04
7.113573e+01 6.933014e-04 8.702632e-04 7.778315e-04
7.135734e+01 8.218923e-04 8.345999e-04 7.013937e-04
7.157895e+01 6.776626e-04 9.569787e-04 6.268406e-04
7.180055e+01 6.556475e-04 9.404797e-04 5.287553e-04
7.202216e+01 6.802874e-04 8.982893e-04 5.126814e-04
7.224377e+01 6.098545e-04 9.197806e-04 8.938380e-04
7.246537e+01 5.058509e-04 1.085458e-03 8.448928e-04
7.268698e+01 7.386907e-04 9.259389e-04 8.930995e-04
7.290858e+01 6.279745e-04 1.047063e-03 7.649446e-04
7.313020e+01 7.794615e-04 9.525622e-04 7.128126e-04
7.335180e+01 7.263754e-04 9.480652e-04 5.190296e-04
7.357341e+01 6.580135e-04 1.161225e-03 8.334951e-04
7.379501e+01 6.273070e-04 1.053485e-03 8.835449e-04
7.401662e+01 7.782218e-04 6.920974e-04 6.301406e-04
7.423823e+01 9.936753e-04 9.274418e-04 6.334602e-04
7.445983e+01 8.838121e-04 8.312151e-04 6.791287e-04
7.468144e+01 7.529021e-04 9.391026e-04 6.376360e-04
7.490305e+01 5.441848e-04 7.594679e-04 8.288873e-04
7.512466e+01 5.472153e-04 7.154710e-04 5.654053e-04
7.534626e+01 7.075532e-04 9.407144e-04 7.286548e-04
7.556786e+01 7.591780e-04 8.600912e-04 6.899229e-04
7.578947e+01 6.973227e-04 7.009827e-04 5.585103e-04
7.601108e+01 8.838014e-04 7.384061e-04 5.832125e-04
7.623269e+01 8.262879e-04 8.277788e-04 5.123522e-04
7.645429e+01 6.828578e-04 7.447655e-04 4.675865e-04
7.667590e+01 7.357650e-04 6.382955e-04 7.204947e-04
7.689751e+01 5.867910e-04 7.201497e-04 5.974778e-04
7.711911e+01 6.182126e-04 7.280724e-04 4.158194e-04
7.734072e+01 7.093903e-04 8.477742e-04 6.741504e-04
7.756232e+01 6.107248e-04 8.502142e-04 5.521320e-04
7.778394e+01 4.990121e-04 8.111253e-04 6.096967e-04
7.800554e+01 6.096394e-04 9.039159e-04 6.918568e-04
7.822715e+01 6.264113e-04 6.410017e-04 8.182030e-04
7.844875e+01 4.675445e-04 8.946480e-04 8.999616e-04
7.867036e+01 5.141190e-04 7.754048e-04 6.781931e-04
7.889197e+01 3.903711e-04 7.216258e-04 4.321901e-04
7.911357e+01 5.666876e-04 7.284885e-04 4.470655e-04
7.933518e+01 8.876945e-04 8.985424e-04 6.004602e-04
7.955679e+01 7.404579e-04 7.126835e-04 4.062567e-04
7.977840e+01 7.224189e-04 6.065131e-04 2.987001e-04
8.000000e+01 5.796368e-04 5.433937e-04 3.395854e-04
8.022160e+01 6.217062e-04 5.958228e-04 5.494225e-04
8.044321e+01 6.796152e-04 8.147747e-04 6.994323e-04
8.066482e+01 6.600184e-04 7.419064e-04 6.654098e-04
8.088643e+01 6.638339e-04 7.116742e-04 6.432851e-04
8.110803e+01 6.082524e-04 6.975615e-04 5.069844e-04
8.132964e+01 4.980504e-04 7.496342e-04 6.248803e-04
8.155125e+01 5.752389e-04 6.710591e-04 6.085163e-04
8.177285e+01 6.027055e-04 6.763066e-04 4.903795e-04
8.199446e+01 6.592894e-04 6.601809e-04 4.162521e-04
8.221606e+01 5.309958e-04 6.750682e-04 4.844094e-04
8.243768e+01 6.443854e-04 6.960543e-04 5.755398e-04
8.265928e+01 6.616069e-04 7.384530e-04 6.218493e-04
8.288089e+01 7.405044e-04 7.833600e-04 6.751947e-04
8.310249e+01 6.091892e-04 7.458061e-04 5.279419e-04
8.332410e+01 6.109966e-04 6.126298e-04 6.200511e-04
8.354571e+01 6.666914e-04 6.490955e-04 5.554082e-04
8.376731e+01 5.767861e-04 7.180605e-04 4.374611e-04
8.398892e+01 6.015753e-04 6.308734e-04 4.541745e-04
8.421053e+01 6.789507e-04 4.522421e-04 5.308467e-04
8.443214e+01 7.341063e-04 4.375435e-04 6.109193e-04
8.465374e+01 5.108256e-04 5.634138e-04 6.077047e-04
8.487534e+01 6.735554e-04 6.242132e-04 6.768131e-04
8.509695e+01 6.239320e-04 7.654174e-04 7.893752e-04
8.531856e+01 6.353954e-04 6.407560e-04 5.883252e-04
8.554017e+01 7.306922e-04 4.877876e-04 4.094977e-04
8.576177e+01 6.853091e-04 7.504224e-04 4.506350e-04
8.598338e+01 6.124233e-04 6.895705e-04 3.987415e-04
8.620499e+01 5.064305e-04 7.719101e-04 4.429952e-04
8.642659e+01 5.901604e-04 6.791577e-04 6.037005e-04
8.664820e+01 4.970799e-04 5.346566e-04 6.047834e-04
8.686980e+01 3.934974e-04 7.242762e-04 5.877219e-04
8.709142e+01 4.851632e-04 8.222488e-04 6.836028e-04
8.731302e+01 4.833141e-04 6.474938e-04 5.166525e-04
8.753463e+01 5.443657e-04 5.388565e-04 5.959854e-04
8.775623e+01 5.658107e-04 5.188177e-04 5.069827e-04
8.797784e+01 5.911383e-04 4.421397e-04 5.131937e-04
8.819945e+01 6.930014e-04 6.119951e-04 4.159714e-04
8.842105e+01 6.650282e-04 7.495355e-04 5.869693e-04
8.864266e+01 5.281908e-04 7.526040e-04 6.360273e-04
8.886427e+01 4.443204e-04 8.241719e-04 5.565670e-04
8.908587e+01 5.631649e-04 6.773149e-04 4.607912e-04
8.930748e+01 4.111888e-04 5.200934e-04 5.058085e-04
8.952908e+01 5.012950e-04 6.540318e-04 7.072362e-04
8.975069e+01 5.549132e-04 9.044631e-04 5.810472e-04
8.997230e+01 5.777120e-04 7.275720e-04 3.436990e-04
9.019391e+01 3.665060e-04 6.157846e-04 3.082818e-04
9.041551e+01 4.611335e-04 6.655180e-04 4.563305e-04
9.063712e+01 4.752893e-04 6.547378e-04 4.496220e-04
9.085873e+01 5.410977e-04 6.609486e-04 6.230046e-04
9.108033e+01 4.849742e-04 6.061757e-04 5.550300e-04
9.130194e+01 4.705310e-04 6.742973e-04 5.814476e-04
9.152354e+01 5.833676e-04 7.400384e-04 5.293494e-04
9.174516e+01 5.111339e-04 6.253204e-04 6.175422e-04
9.196676e+01 4.542937e-04 6.808605e-04 4.499911e-04
9.218836e+01 4.379901e-04 6.745970e-04 3.100539e-04
9.240997e+01 5.007600e-04 5.611209e-04 4.127815e-04
9.263158e+01 6.093925e-04 6.841098e-04 5.310186e-04
9.285319e+01 4.913329e-04 7.189073e-04 5.335447e-04
9.307479e+01 4.812514e-04 7.145919e-04 4.307387e-04
9.329640e+01 5.119991e-04 4.073054e-04 3.891680e-04
9.351801e+01 4.950922e-04 5.722264e-04 5.355126e-04
9.373961e+01 5.287175e-04 7.081633e-04 6.597127e-04
9.396122e+01 5.253740e-04 5.844655e-04 4.067887e-04
9.418282e+01 5.078521e-04 4.320894e-04 3.289681e-04
9.440443e+01 4.684942e-04 5.395206e-04 3.499681e-04
9.462604e+01 4.997854e-04 6.004070e-04 2.929369e-04
9.484765e+01 5.726943e-04 4.808440e-04 4.658485e-04
9.506925e+01 5.994135e-04 5.008621e-04 5.094102e-04
9.529086e+01 4.545963e-04 3.994245e-04 2.988106e-04
9.551247e+01 4.229452e-04 4.809768e-04 2.792033e-04
9.573407e+01 4.768829e-04 5.196190e-04 3.854099e-04
9.595568e+01 4.791553e-04 6.472685e-04 4.773870e-04
9.617728e+01 4.929412e-04 4.726531e-04 4.934978e-04
9.639890e+01 3.863680e-04 4.898371e-04 5.679049e-04
9.662050e+01 4.197363e-04 5.514018e-04 3.817862e-04
9.684210e+01 3.843248e-04 5.805701e-04 3.752660e-04
9.706371e+01 4.603195e-04 5.625061e-04 4.023688e-04
9.728532e+01 4.191873e-04 5.995219e-04 3.389691e-04
9.750693e+01 5.960090e-04 5.759300e-04 4.489234e-04
9.772853e+01 5.536994e-04 5.085046e-04 4.936602e-04
9.795014e+01 5.586079e-04 5.504189e-04 4.615833e-04
9.817175e+01 4.628564e-04 5.805826e-04 3.069621e-04
9.839335e+01 3.747709e-04 5.657614e-04 3.745299e-04
9.861496e+01 5.340687e-04 5.121001e-04 4.133138e-04
9.883656e+01 5.467514e-04 4.834794e-04 3.551264e-04
9.905817e+01 5.385446e-04 4.935435e-04 5.031396e-04
9.927978e+01 5.128959e-04 5.152015e-04 5.650456e-04
9.950139e+01 5.730878e-04 5.401896e-04 5.434643e-04
9.972299e+01 5.362005e-04 4.615798e-04 5.562538e-04
9.994460e+01 4.442540e-04 4.136336e-04 4.235021e-04
1.001662e+02 5.007934e-04 4.722591e-04 3.871213e-04
1.003878e+02 5.106407e-04 4.706545e-04 2.531440e-04
1.006094e+02 4.266170e-04 4.245562e-04 3.432711e-04
1.008310e+02 4.911143e-04 5.721300e-04 4.059509e-04
1.010526e+02 4.630118e-04 5.309147e-04 5.230085e-04
1.012742e+02 4.510858e-04 4.819523e-04 3.622706e-04
1.014958e+02 3.841319e-04 6.150326e-04 4.084022e-04
1.017175e+02 4.527395e-04 6.611485e-04 4.674662e-04
1.019391e+02 4.761301e-04 5.140210e-04 3.632022e-04
1.021607e+02 2.969243e-04 5.843663e-04 3.484955e-04
1.023823e+02 4.214126e-04 5.841829e-04 3.892889e-04
1.026039e+02 4.499101e-04 4.320313e-04 5.639625e-04
1.028255e+02 3.667687e-04 4.947307e-04 4.507182e-04
1.030471e+02 3.955160e-04 5.163823e-04 3.486286e-04
1.032687e+02 3.939255e-04 5.157372e-04 4.335147e-04
1.034903e+02 3.707290e-04 4.069367e-04 2.928732e-04
1.037119e+02 3.946508e-04 5.186205e-04 4.432694e-04
1.039335e+02 4.209967e-04 3.876223e-04 4.731861e-04
1.041551e+02 4.559880e-04 4.002498e-04 3.929638e-04
1.043767e+02 3.910209e-04 3.785064e-04 5.284552e-04
1.045983e+02 4.559534e-04 4.784031e-04 4.929516e-04
1.048199e+02 4.344840e-04 5.711319e-04 3.780305e-04
1.050415e+02 4.170000e-04 5.844028e-04 2.431495e-04
1.052632e+02 3.945346e-04 5.099967e-04 3.084926e-04
1.054848e+02 4.139580e-04 5.712049e-04 3.337811e-04
1.057064e+02 3.955630e-04 5.210041e-04 3.571532e-04
1.059280e+02 4.046094e-04 4.254964e-04 5.440242e-04
1.061496e+02 4.170849e-04 4.309358e-04 5.029563e-04
1.063712e+02 3.931886e-04 4.962921e-04 4.415408e-04
1.065928e+02 2.980091e-04 4.438818e-04 4.200559e-04
1.068144e+02 3.803129e-04 4.425987e-04 3.790617e-04
1.070360e+02 4.681704e-04 5.071684e-04 4.201120e-04
1.072576e+02 3.559930e-04 4.443271e-04 4.624097e-04
1.074792e+02 3.774861e-04 4.351846e-04 3.743026e-04
1.077008e+02 4.385815e-04 4.441670e-04 3.013431e-04
1.079224e+02 4.746901e-04 3.490897e-04 1.987044e-04
1.081440e+02 3.519914e-04 3.515818e-04 2.259208e-04
1.083657e+02 2.669849e-04 4.364522e-04 2.561120e-04
1.085873e+02 3.283001e-04 4.671190e-04 2.597431e-04
1.088089e+02 4.010139e-04 3.977420e-04 3.427757e-04
1.090305e+02 4.337922e-04 4.795459e-04 4.695115e-04
1.092521e+02 3.549954e-04 3.895052e-04 3.425497e-04
1.094737e+02 3.691445e-04 4.291235e-04 3.903834e-04
1.096953e+02 4.436703e-04 5.031936e-04 3.595542e-04
1.099169e+02 3.631309e-04 5.262826e-04 3.447288e-04
1.101385e+02 3.093764e-04 4.119306e-04 4.838145e-04
1.103601e+02 2.729290e-04 3.326454e-04 3.516476e-04
1.105817e+02 3.798215e-04 5.120149e-04 2.707398e-04
1.108033e+02 3.628758e-04 3.870258e-04 2.505322e-04
1.110249e+02 2.878994e-04 4.444729e-04 2.667687e-04
1.112465e+02 2.761998e-04 5.267047e-04 3.638808e-04
1.114681e+02 2.543044e-04 5.092605e-04 3.062173e-04
1.116898e+02 3.922555e-04 5.127613e-04 3.340430e-04
1.119114e+02 3.513433e-04 4.067337e-04 3.233424e-04
1.121330e+02 3.932667e-04 5.098779e-04 3.097763e-04
1.123546e+02 4.784904e-04 5.146900e-04 3.207841e-04
1.125762e+02 4.140536e-04 4.263569e-04 2.216663e-04
1.127978e+02 3.997815e-04 4.614630e-04 2.701886e-04
1.130194e+02 3.820046e-04 4.111090e-04 2.091806e-04
1.132410e+02 3.209539e-04 4.138386e-04 3.127336e-04
1.134626e+02 3.073736e-04 4.482973e-04 4.340620e-04
1.136842e+02 3.901952e-04 4.542638e-04 5.377990e-04
1.139058e+02 3.877819e-04 4.541561e-04 4.717946e-04
1.141274e+02 3.357620e-04 4.052584e-04 4.053113e-04
1.143490e+02 3.699924e-04 3.703235e-04 2.778587e-04
1.145706e+02 4.204003e-04 3.374963e-04 2.530128e-04
1.147922e+02 3.664696e-04 3.239651e-04 4.272722e-04
1.150138e+02 3.994611e-04 3.598579e-04 3.630951e-04
1.152355e+02 3.508311e-04 3.377701e-04 2.307732e-04
1.154571e+02 3.758991e-04 3.779924e-04 2.732971e-04
1.156787e+02 3.832747e-04 3.833915e-04 3.648554e-04
1.159003e+02 4.066514e-04 3.721779e-04 3.766648e-04
1.161219e+02 3.830410e-04 4.044191e-04 3.095469e-04
1.163435e+02 3.344512e-04 4.569132e-04 2.681975e-04
1.165651e+02 3.152496e-04 4.182716e-04 2.920897e-04
1.167867e+02 3.382957e-04 4.245316e-04 2.906721e-04
1.170083e+02 3.700719e-04 3.108552e-04 3.041689e-04
1.172299e+02 4.264513e-04 3.466201e-04 2.381235e-04
1.174515e+02 3.180349e-04 4.324491e-04 2.553136e-04
1.176731e+02 3.729391e-04 4.509472e-04 3.912572e-04
1.178947e+02 3.580700e-04 3.139722e-04 3.864303e-04
1.181163e+02 3.749863e-04 3.220507e-04 3.663761e-04
1.183380e+02 3.759198e-04 4.211509e-04 3.142065e-04
1.185596e+02 4.191647e-04 2.553363e-04 3.315291e-04
1.187812e+02 3.248689e-04 2.161981e-04 2.918378e-04
1.190028e+02 3.517226e-04 3.766381e-04 3.268457e-04
1.192244e+02 3.415001e-04 3.907799e-04 2.405660e-04
1.194460e+02 2.307318e-04 3.850735e-04 2.643433e-04
1.196676e+02 3.406491e-04 2.209834e-04 2.492852e-04
1.198892e+02 3.625948e-04 3.587766e-04 2.880164e-04
1.201108e+02 2.944905e-04 3.475377e-04 2.865282e-04
1.203324e+02 3.466973e-04 3.306739e-04 2.662468e-04
1.205540e+02 3.768672e-04 2.723067e-04 2.878123e-04
1.207756e+02 3.214795e-04 3.675203e-04 3.399891e-04
1.209972e+02 3.094431e-04 3.149024e-04 2.810002e-04
1.212188e+02 3.671441e-04 3.948408e-04 2.952488e-04
1.214404e+02 3.046065e-04 3.312105e-04 3.379207e-04
1.216620e+02 2.585473e-04 3.710864e-04 2.552590e-04
1.218837e+02 2.783803e-04 4.171893e-04 3.494102e-04
1.221053e+02 3.771917e-04 3.860081e-04 3.787804e-04
1.223269e+02 3.669719e-04 4.233034e-04 3.782503e-04
1.225485e+02 2.703016e-04 3.361501e-04 2.824675e-04
1.227701e+02 2.841317e-04 4.118442e-04 2.350061e-04
1.229917e+02 3.313742e-04 3.686655e-04 1.737186e-04
1.232133e+02 3.110520e-04 2.746993e-04 2.002874e-04
1.234349e+02 2.816906e-04 3.221207e-04 2.637832e-04
1.236565e+02 2.350467e-04 3.636086e-04 2.553485e-04
1.238781e+02 3.071475e-04 3.914982e-04 2.689313e-04
1.240997e+02 2.649385e-04 2.935687e-04 2.474081e-04
1.243213e+02 2.891532e-04 2.688925e-04 2.547490e-04
1.245429e+02 3.447114e-04 3.704869e-04 2.079901e-04
1.247645e+02 2.966920e-04 3.131069e-04 3.058627e-04
1.249862e+02 3.305113e-04 3.006892e-04 2.566217e-04
1.252078e+02 3.572645e-04 3.273807e-04 2.958047e-04
1.254294e+02 3.239413e-04 3.526653e-04 2.755407e-04
1.256510e+02 3.677049e-04 3.535604e-04 3.146022e-04
1.258726e+02 3.380649e-04 3.235111e-04 4.076337e-04
1.260942e+02 2.812453e-04 3.998411e-04 3.667313e-04
1.263158e+02 2.847652e-04 3.626197e-04 3.078028e-04
1.265374e+02 2.678136e-04 3.416838e-04 2.863172e-04
1.267590e+02 3.667815e-04 2.860519e-04 3.824394e-04
1.269806e+02 3.423116e-04 2.743545e-04 2.722341e-04
1.272022e+02 3.464732e-04 2.859565e-04 3.091917e-04
1.274238e+02 3.738943e-04 2.973284e-04 3.670516e-04
1.276454e+02 3.512815e-04 2.485449e-04 3.089763e-04
1.278670e+02 1.623547e-04 2.195955e-04 2.751142e-04
1.280886e+02 1.593433e-04 2.854233e-04 2.293798e-04
1.283102e+02 1.978771e-04 3.609423e-04 2.208858e-04
1.285319e+02 3.546947e-04 3.861732e-04 2.961365e-04
1.287535e+02 3.099649e-04 3.221959e-04 2.332334e-04
1.289751e+02 3.126125e-04 4.053735e-04 1.896620e-04
1.291967e+02 2.991289e-04 3.819761e-04 3.238550e-04
1.294183e+02 2.651454e-04 3.017258e-04 3.471928e-04
1.296399e+02 3.345681e-04 2.776591e-04 2.685167e-04
1.298615e+02 3.010060e-04 3.107949e-04 2.072351e-04
1.300831e+02 3.023007e-04 3.311355e-04 2.793217e-04
1.303047e+02 3.067038e-04 3.484616e-04 2.356919e-04
1.305263e+02 2.319534e-04 4.084116e-04 1.958907e-04
1.307479e+02 2.333528e-04 3.486593e-04 3.226876e-04
1.309695e+02 2.232209e-04 2.609423e-04 2.551860e-04
1.311911e+02 2.239746e-04 3.152296e-04 2.975443e-04
1.314127e+02 2.753217e-04 3.225432e-04 3.135818e-04
1.316344e+02 3.573187e-04 3.506551e-04 3.204670e-04
1.318560e+02 3.064404e-04 3.677737e-04 2.452219e-04
1.320776e+02 2.779803e-04 4.233267e-04 2.593395e-04
1.322992e+02 2.149646e-04 3.693356e-04 3.507208e-04
1.325208e+02 2.619251e-04 3.757756e-04 3.786020e-04
1.327424e+02 2.791575e-04 3.287953e-04 3.122735e-04
1.329640e+02 2.507165e-04 3.211721e-04 3.616684e-04
1.331856e+02 2.463390e-04 3.495337e-04 2.692159e-04
1.334072e+02 2.569745e-04 3.279868e-04 2.598466e-04
1.336288e+02 2.449542e-04 3.473791e-04 2.636995e-04
1.338504e+02 1.814160e-04 3.299610e-04 2.961984e-04
1.340720e+02 2.378733e-04 3.206464e-04 2.246163e-04
1.342936e+02 2.908164e-04 2.283226e-04 2.285094e-04
1.345152e+02 2.151019e-04 3.188477e-04 2.786551e-04
1.347368e+02 2.329797e-04 3.729573e-04 2.163448e-04
1.349585e+02 2.383018e-04 3.711713e-04 2.683136e-04
1.351801e+02 2.419317e-04 3.102862e-04 3.849033e-04
1.354017e+02 2.154309e-04 3.204337e-04 3.183761e-04
1.356233e+02 3.090102e-04 3.100202e-04 2.707172e-04
1.358449e+02 3.299017e-04 2.644683e-04 2.187573e-04
1.360665e+02 2.844084e-04 2.786368e-04 2.502371e-04
1.362881e+02 2.839015e-04 2.476887e-04 2.154294e-04
1.365097e+02 3.073803e-04 2.063659e-04 1.812456e-04
1.367313e+02 2.713404e-04 1.536838e-04 1.945755e-04
1.369529e+02 2.169011e-04 2.263830e-04 2.247659e-04
1.371745e+02 2.743101e-04 2.733703e-04 1.519183e-04
1.373961e+02 2.693490e-04 2.984767e-04 1.846109e-04
1.376177e+02 2.703998e-04 2.510045e-04 2.622645e-04
1.378393e+02 2.635822e-04 3.046220e-04 2.912751e-04
1.380609e+02 2.528376e-04 3.246335e-04 3.164258e-04
1.382825e+02 2.218657e-04 2.745024e-04 2.930188e-04
1.385042e+02 2.737616e-04 3.288020e-04 2.718411e-04
1.387258e+02 3.059746e-04 2.833932e-04 3.461694e-04
1.389474e+02 2.300725e-04 3.203560e-04 2.429981e-04
1.391690e+02 1.702011e-04 3.158806e-04 2.555702e-04
1.393906e+02 2.820584e-04 2.941946e-04 1.658965e-04
1.396122e+02 3.372048e-04 2.678561e-04 1.415503e-04
1.398338e+02 2.826690e-04 3.139997e-04 2.227919e-04
1.400554e+02 2.598598e-04 3.426124e-04 2.306577e-04
1.402770e+02 2.449822e-04 3.098884e-04 2.455700e-04
1.404986e+02 2.807205e-04 2.825737e-04 2.520730e-04
1.407202e+02 1.925639e-04 3.017878e-04 2.357867e-04
1.409418e+02 1.819090e-04 2.897923e-04 2.265708e-04
1.411634e+02 1.879649e-04 2.458624e-04 1.928494e-04
1.413850e+02 1.731657e-04 2.452223e-04 2.216803e-04
1.416066e+02 2.244673e-04 3.001862e-04 1.537915e-04
1.418283e+02 2.577935e-04 2.904716e-04 2.395014e-04
1.420499e+02 2.645027e-04 2.473800e-04 2.718295e-04
1.422715e+02 2.541624e-04 2.291722e-04 1.506166e-04
1.424931e+02 2.603694e-04 2.845720e-04 1.577031e-04
1.427147e+02 2.402666e-04 2.583127e-04 2.238993e-04
1.429363e+02 2.910925e-04 2.749677e-04 2.934981e-04
1.431579e+02 2.372119e-04 2.832928e-04 2.880802e-04
1.433795e+02 1.979018e-04 2.709457e-04 2.343802e-04
1.436011e+02 1.992196e-04 2.241844e-04 2.207445e-04
1.438227e+02 1.568351e-04 2.793874e-04 2.464066e-04
1.440443e+02 1.793069e-04 2.877305e-04 2.758993e-04
1.442659e+02 1.936005e-04 2.998334e-04 2.893237e-04
1.444875e+02 1.918206e-04 2.986769e-04 2.660863e-04
1.447091e+02 2.006245e-04 2.637192e-04 1.583799e-04
1.449307e+02 1.878396e-04 2.765335e-04 1.891163e-04
1.451524e+02 2.503529e-04 2.487372e-04 2.103212e-04
1.453740e+02 2.339119e-04 2.736533e-04 1.970177e-04
1.455956e+02 2.377126e-04 2.372054e-04 2.633347e-04
1.458172e+02 2.256109e-04 2.672004e-04 2.251002e-04
1.460388e+02 2.327117e-04 2.335027e-04 1.811892e-04
1.462604e+02 2.108279e-04 2.718140e-04 2.081343e-04
1.464820e+02 1.890570e-04 3.014461e-04 2.236252e-04
1.467036e+02 1.744839e-04 2.657607e-04 1.789540e-04
1.469252e+02 2.186518e-04 3.099506e-04 1.759806e-04
1.471468e+02 2.766610e-04 2.480507e-04 2.550209e-04
1.473684e+02 2.560228e-04 1.825320e-04 2.383087e-04
1.475900e+02 2.513168e-04 2.205981e-04 2.272537e-04
1.478116e+02 2.360751e-04 2.712292e-04 2.358640e-04
1.480332e+02 2.043565e-04 3.264522e-04 2.070442e-04
1.482549e+02 2.670302e-04 3.179503e-04 1.855028e-04
1.484765e+02 2.092702e-04 2.101395e-04 2.042521e-04
1.486981e+02 2.239099e-04 2.904923e-04 2.004807e-04
1.489197e+02 2.015475e-04 2.616376e-04 2.479597e-04
1.491413e+02 2.573375e-04 2.683556e-04 2.720888e-04
1.493629e+02 2.293209e-04 2.444840e-04 2.288852e-04
1.495845e+02 2.124894e-04 2.828973e-04 2.378205e-04
1.498061e+02 2.301912e-04 2.758856e-04 2.513251e-04
1.500277e+02 2.075273e-04 3.075575e-04 2.468303e-04
1.502493e+02 2.545463e-04 2.773578e-04 1.797396e-04
1.504709e+02 2.175615e-04 1.759676e-04 1.880202e-04
1.506925e+02 2.182396e-04 1.779567e-04 1.988297e-04
1.509141e+02 2.182455e-04 2.778322e-04 1.563891e-04
1.511357e+02 1.682437e-04 2.818835e-04 2.279186e-04
1.513573e+02 2.467235e-04 1.547180e-04 2.562472e-04
1.515789e+02 2.533296e-04 1.785717e-04 2.213812e-04
1.518006e+02 2.608748e-04 2.685594e-04 2.038233e-04
1.520222e+02 2.627611e-04 2.771435e-04 2.500026e-04
1.522438e+02 2.528105e-04 2.569532e-04 2.509136e-04
1.524654e+02 2.506415e-04 2.976539e-04 2.082728e-04
1.526870e+02 2.290711e-04 2.934199e-04 1.944184e-04
1.529086e+02 2.809795e-04 3.134887e-04 2.736769e-04
1.531302e+02 2.710127e-04 2.505014e-04 2.219744e-04
1.533518e+02 2.420375e-04 2.714051e-04 2.057624e-04
1.535734e+02 2.718522e-04 2.670364e-04 1.664374e-04
1.537950e+02 2.307906e-04 2.781585e-04 1.682905e-04
1.540166e+02 2.621363e-04 2.690986e-04 1.805061e-04
1.542382e+02 2.345952e-04 2.337211e-04 2.280481e-04
1.544598e+02 1.952407e-04 1.866538e-04 2.364223e-04
1.546814e+02 2.093471e-04 2.313045e-04 1.691136e-04
1.549030e+02 1.960740e-04 2.451762e-04 1.519571e-04
1.551246e+02 2.375823e-04 3.039834e-04 2.252201e-04
1.553463e+02 2.135831e-04 2.480067e-04 2.134061e-04
1.555679e+02 1.609016e-04 2.436499e-04 2.678660e-04
1.557895e+02 1.826777e-04 2.517431e-04 1.804428e-04
1.560111e+02 2.280001e-04 2.186746e-04 1.391633e-04
1.562327e+02 1.727526e-04 2.755074e-04 2.303564e-04
1.564543e+02 2.002001e-04 2.583292e-04 2.424313e-04
1.566759e+02 2.063162e-04 2.737274e-04 2.452487e-04
1.568975e+02 1.966426e-04 2.748379e-04 1.821990e-04
1.571191e+02 2.162474e-04 2.348941e-04 1.832476e-04
1.573407e+02 2.346293e-04 2.532866e-04 1.795474e-04
1.575623e+02 2.093130e-04 2.754180e-04 1.710516e-04
1.577839e+02 1.489753e-04 2.479189e-04 2.228645e-04
1.580055e+02 1.825389e-04 2.538846e-04 1.932726e-04
1.582271e+02 2.062766e-04 2.272344e-04 1.952822e-04
1.584488e+02 2.023650e-04 2.103048e-04 1.875127e-04
1.586704e+02 2.329807e-04 1.644840e-04 1.880128e-04
1.588920e+02 2.154092e-04 1.773937e-04 1.690180e-04
1.591136e+02 1.711719e-04 2.031990e-04 1.718886e-04
1.593352e+02 1.698335e-04 2.165197e-04 1.835743e-04
1.595568e+02 2.031209e-04 2.233106e-04 1.834955e-04
1.597784e+02 1.926157e-04 2.255991e-04 1.990409e-04
1.600000e+02 1.772650e-04 2.064296e-04 1.843661e-04
1.602216e+02 1.641402e-04 2.623873e-04 2.089668e-04
1.604432e+02 1.928692e-04 2.427371e-04 1.927167e-04
1.606648e+02 2.345350e-04 2.254910e-04 1.695129e-04
1.608864e+02 1.880550e-04 2.504736e-04 2.028576e-04
1.611080e+02 1.959075e-04 2.801488e-04 1.493983e-04
1.613296e+02 2.224922e-04 2.764585e-04 1.392784e-04
1.615512e+02 2.014551e-04 2.077645e-04 1.516601e-04
1.617729e+02 1.935310e-04 2.115437e-04 1.604726e-04
1.619945e+02 2.265179e-04 2.291737e-04 1.682716e-04
1.622161e+02 2.200563e-04 2.265650e-04 1.792557e-04
1.624377e+02 1.843412e-04 2.626033e-04 1.830612e-04
1.626593e+02 1.895658e-04 2.276286e-04 2.194295e-04
1.628809e+02 2.522555e-04 2.012438e-04 2.666611e-04
1.631025e+02 2.770469e-04 2.310088e-04 2.612204e-04
1.633241e+02 1.900900e-04 1.957013e-04 2.096415e-04
1.635457e+02 2.207058e-04 1.865825e-04 1.823544e-04
1.637673e+02 1.974875e-04 2.374805e-04 1.264230e-04
1.639889e+02 1.577702e-04 2.522341e-04 1.421283e-04
1.642105e+02 1.713118e-04 2.619886e-04 1.635095e-04
1.644321e+02 1.672827e-04 2.321100e-04 1.367119e-04
1.646537e+02 1.831212e-04 1.968656e-04 1.599102e-04
1.648754e+02 1.750120e-04 1.993470e-04 1.452275e-04
1.650970e+02 1.748942e-04 1.991300e-04 1.503455e-04
1.653186e+02 2.260894e-04 2.385238e-04 1.933462e-04
1.655402e+02 1.586273e-04 2.516050e-04 2.558038e-04
1.657618e+02 1.693402e-04 2.200505e-04 1.986431e-04
1.659834e+02 1.966063e-04 1.877301e-04 1.945863e-04
1.662050e+02 1.846275e-04 2.379765e-04 1.495029e-04
1.664266e+02 1.859812e-04 2.491754e-04 1.884944e-04
1.666482e+02 1.624845e-04 2.333442e-04 2.400724e-04
1.668698e+02 1.258313e-04 2.149686e-04 2.405727e-04
1.670914e+02 1.992544e-04 2.355802e-04 2.117151e-04
1.673130e+02 1.897393e-04 2.372461e-04 1.620536e-04
1.675346e+02 1.909501e-04 1.836298e-04 1.776151e-04
1.677562e+02 2.012952e-04 2.176259e-04 1.741942e-04
1.679778e+02 1.583692e-04 2.027336e-04 1.324830e-04
1.681994e+02 1.634691e-04 1.552281e-04 1.439692e-04
1.684211e+02 1.734478e-04 2.076013e-04 1.504388e-04
1.686427e+02 2.157844e-04 1.635745e-04 1.305959e-04
1.688643e+02 1.973048e-04 1.736333e-04 1.987499e-04
1.690859e+02 1.870318e-04 1.996626e-04 2.066833e-04
1.693075e+02 2.075683e-04 2.005875e-04 1.826195e-04
1.695291e+02 2.121065e-04 2.074184e-04 1.313023e-04
1.697507e+02 2.086411e-04 1.756096e-04 1.339610e-04
1.699723e+02 1.912937e-04 1.741410e-04 2.055322e-04
1.701939e+02 1.880245e-04 1.812946e-04 1.600354e-04
1.704155e+02 1.929618e-04 1.262771e-04 1.858648e-04
1.706371e+02 1.893537e-04 1.749922e-04 1.373505e-04
1.708587e+02 1.980429e-04 2.458806e-04 1.208781e-04
1.710803e+02 1.515329e-04 2.255101e-04 1.555164e-04
1.713019e+02 1.700051e-04 2.038047e-04 1.809313e-04
1.715235e+02 1.741502e-04 2.439642e-04 1.884135e-04
1.717451e+02 1.276286e-04 2.074159e-04 2.205600e-04
1.719668e+02 1.902833e-04 1.913526e-04 2.005858e-04
1.721884e+02 2.063948e-04 1.926369e-04 1.545060e-04
1.724100e+02 1.754486e-04 2.027409e-04 1.720635e-04
1.726316e+02 1.542752e-04 2.432268e-04 1.720473e-04
1.728532e+02 1.999529e-04 2.496799e-04 1.381753e-04
1.730748e+02 1.824515e-04 2.250627e-04 1.399012e-04
1.732964e+02 1.769275e-04 2.313871e-04 1.477122e-04
1.735180e+02 2.020097e-04 1.980211e-04 1.275447e-04
1.737396e+02 2.044154e-04 1.882339e-04 1.642729e-04
1.739612e+02 1.712250e-04 2.180988e-04 1.796010e-04
1.741828e+02 1.415359e-04 1.721457e-04 2.086021e-04
1.744044e+02 2.038364e-04 2.201177e-04 1.644649e-04
1.746260e+02 1.933756e-04 2.438088e-04 1.807848e-04
1.748476e+02 2.000622e-04 2.355847e-04 1.594728e-04
1.750693e+02 1.956471e-04 2.378746e-04 1.658561e-04
1.752909e+02 1.822440e-04 2.256241e-04 1.869605e-04
1.755125e+02 1.892784e-04 2.275869e-04 1.947408e-04
1.757341e+02 1.521394e-04 2.158351e-04 1.796059e-04
1.759557e+02 1.985118e-04 1.451055e-04 1.729835e-04
1.761773e+02 1.689807e-04 2.041250e-04 1.676033e-04
1.763989e+02 2.054051e-04 2.113099e-04 1.807503e-04
1.766205e+02 1.926259e-04 1.751181e-04 1.301142e-04
1.768421e+02 1.649940e-04 1.496881e-04 1.606890e-04
1.770637e+02 1.662528e-04 2.003851e-04 1.685829e-04
1.772853e+02 1.640208e-04 2.148212e-04 1.432433e-04
1.775069e+02 1.040934e-04 2.610493e-04 1.491115e-04
1.777285e+02 1.553964e-04 2.484730e-04 1.669599e-04
1.779501e+02 1.939296e-04 2.332484e-04 2.180219e-04
1.781717e+02 1.938060e-04 2.534426e-04 1.953757e-04
1.783934e+02 1.968935e-04 2.120698e-04 1.868007e-04
1.786150e+02 1.823739e-04 1.651980e-04 1.751479e-04
1.788366e+02 1.820622e-04 1.884989e-04 1.060376e-04
1.790582e+02 1.608592e-04 1.356184e-04 1.259610e-04
1.792798e+02 1.903232e-04 1.841078e-04 1.477671e-04
1.795014e+02 1.762308e-04 2.428658e-04 1.313020e-04
1.797230e+02 9.897986e-05 1.959292e-04 1.967708e-04
1.799446e+02 1.336420e-04 2.221209e-04 1.778383e-04
1.801662e+02 1.524471e-04 2.057801e-04 1.761460e-04
1.803878e+02 1.927129e-04 2.542487e-04 1.613897e-04
1.806094e+02 1.944934e-04 2.035074e-04 1.408321e-04
1.808310e+02 1.684085e-04 1.864836e-04 1.361917e-04
1.810526e+02 1.409384e-04 2.223613e-04 1.454873e-04
1.812742e+02 1.696882e-04 1.740050e-04 1.790380e-04
1.814958e+02 1.741714e-04 2.314124e-04 1.631429e-04
1.817175e+02 1.713502e-04 1.766538e-04 1.991781e-04
1.819391e+02 1.626591e-04 1.615265e-04 2.169413e-04
1.821607e+02 1.140688e-04 1.891035e-04 1.514117e-04
1.823823e+02 1.385737e-04 1.781509e-04 1.360603e-04
1.826039e+02 1.649577e-04 1.551751e-04 1.538412e-04
1.828255e+02 1.703065e-04 1.984059e-04 1.246106e-04
1.830471e+02 1.531009e-04 1.973891e-04 1.386316e-04
1.832687e+02 1.716461e-04 1.789603e-04 1.662576e-04
1.834903e+02 1.837782e-04 1.824889e-04 2.035607e-04
1.837119e+02 1.503202e-04 1.854826e-04 1.885811e-04
1.839335e+02 1.631249e-04 1.883259e-04 1.436256e-04
1.841551e+02 1.648857e-04 1.594824e-04 1.313422e-04
1.843767e+02 1.753355e-04 1.703828e-04 1.319138e-04
1.845983e+02 1.570839e-04 2.093187e-04 1.889092e-04
1.848199e+02 1.911296e-04 2.202789e-04 1.423300e-04
1.850415e+02 2.069133e-04 1.919957e-04 1.596888e-04
1.852632e+02 1.754410e-04 1.721687e-04 1.670609e-04
1.854848e+02 1.547420e-04 1.422811e-04 1.310547e-04
1.857064e+02 1.100452e-04 1.729154e-04 1.489539e-04
1.859280e+02 1.748121e-04 1.844263e-04 1.907913e-04
1.861496e+02 2.054860e-04 1.625879e-04 1.691109e-04
1.863712e+02 1.549443e-04 2.121621e-04 1.777928e-04
1.865928e+02 1.625417e-04 2.115559e-04 1.757311e-04
1.868144e+02 1.311030e-04 2.055559e-04 1.414550e-04
1.870360e+02 1.474256e-04 1.911048e-04 1.096875e-04
1.872576e+02 1.036468e-04 1.859127e-04 1.049970e-04
1.874792e+02 1.331918e-04 1.565186e-04 1.290961e-04
1.877008e+02 1.483774e-04 1.525198e-04 1.541004e-04
1.879224e+02 1.890459e-04 1.845913e-04 1.316394e-04
1.881440e+02 1.672498e-04 2.223183e-04 1.811510e-04
1.883656e+02 1.481007e-04 2.142295e-04 1.556376e-04
1.885873e+02 1.789934e-04 1.794570e-04 1.245073e-04
1.888089e+02 1.606463e-04 1.403140e-04 1.388691e-04
1.890305e+02 1.459062e-04 1.765091e-04 1.670247e-04
1.892521e+02 1.495289e-04 1.606289e-04 1.823029e-04
1.894737e+02 1.339833e-04 1.285495e-04 1.322131e-04
1.896953e+02 1.748726e-04 1.694921e-04 1.587824e-04
1.899169e+02 1.475648e-04 2.080740e-04 1.692255e-04
1.901385e+02 1.306893e-04 1.800255e-04 1.687530e-04
1.903601e+02 1.338783e-04 1.759185e-04 1.359175e-04
1.905817e+02 1.686724e-04 2.235778e-04 1.626734e-04
1.908033e+02 1.763971e-04 1.968579e-04 1.247630e-04
1.910249e+02 1.494660e-04 1.452384e-04 1.489676e-04
1.912465e+02 1.783460e-04 1.621692e-04 1.441311e-04
1.914681e+02 1.709347e-04 1.563951e-04 1.512487e-04
1.916898e+02 1.645311e-04 1.556486e-04 1.431992e-04
1.919114e+02 1.459723e-04 1.589223e-04 1.702445e-04
1.921330e+02 1.081886e-04 1.642825e-04 1.506118e-04
1.923546e+02 1.388585e-04 1.439471e-04 1.382654e-04
1.925762e+02 1.619695e-04 1.675584e-04 1.010887e-04
1.927978e+02 1.600749e-04 2.026119e-04 1.342835e-04
1.930194e+02 1.551547e-04 1.890560e-04 1.413270e-04
1.932410e+02 1.439997e-04 1.482434e-04 1.180488e-04
1.934626e+02 1.546793e-04 1.553600e-04 1.023945e-04
1.936842e+02 1.483063e-04 1.811932e-04 1.168241e-04
1.939058e+02 1.409642e-04 1.791374e-04 1.387046e-04
1.941274e+02 1.409986e-04 1.639751e-04 1.455820e-04
1.943490e+02 1.428931e-04 1.920951e-04 1.610224e-04
1.945706e+02 1.471257e-04 2.089252e-04 1.171643e-04
1.947922e+02 1.447907e-04 2.091145e-04 1.126020e-04
1.950139e+02 1.218481e-04 1.263208e-04 1.156513e-04
1.952355e+02 1.353357e-04 1.647493e-04 1.381050e-04
1.954571e+02 1.710824e-04 2.026375e-04 1.036521e-04
1.956787e+02 1.972619e-04 2.176177e-04 9.778677e-05
1.959003e+02 1.586636e-04 2.036883e-04 1.200647e-04
1.961219e+02 1.306323e-04 1.639070e-04 1.452342e-04
1.963435e+02 1.663169e-04 1.784473e-04 1.591271e-04
1.965651e+02 1.267178e-04 1.599780e-04 1.333738e-04
1.967867e+02 1.082696e-04 1.793988e-04 1.302002e-04
1.970083e+02 1.324759e-04 1.589001e-04 1.220965e-04
1.972299e+02 1.456384e-04 1.610903e-04 1.501535e-04
1.974515e+02 1.632455e-04 1.516255e-04 1.471072e-04
1.976731e+02 1.506156e-04 1.435683e-04 1.315349e-04
1.978947e+02 1.345410e-04 1.446014e-04 1.447592e-04
1.981163e+02 1.228557e-04 1.800950e-04 1.313682e-04
1.983380e+02 1.572618e-04 1.862500e-04 1.309448e-04
1.985596e+02 1.328166e-04 1.895377e-04 1.088604e-04
1.987812e+02 1.429198e-04 1.564585e-04 1.273727e-04
1.990028e+02 1.215464e-04 1.374046e-04 1.554355e-04
1.992244e+02 1.466605e-04 1.566586e-04 1.060128e-04
1.994460e+02 1.502207e-04 1.801046e-04 1.440858e-04
1.996676e+02 1.199148e-04 1.846212e-04 1.477253e-04
1.998892e+02 1.111801e-04 1.487788e-04 1.204248e-04
