(
(0.152620514481104	0.0412075389098982	0.0427337440547092	0.0305241028962209	0.00915723086886626	0.0106834360136773	0.0702054366613080	0.0213668720273546	0.0488385646339534)
(0.175507484351520	0.0473870207749103	0.0491420956184255	0.0351014968703039	0.0105304490610912	0.0122855239046064	0.0807334428016990	0.0245710478092127	0.0561623949924862)
(0.223419196610767	0.0603231830849071	0.0625573750510148	0.0446838393221534	0.0134051517966460	0.0156393437627537	0.102772830440953	0.0312786875255074	0.0714941429154454)
(0.249497789486770	0.0673644031614280	0.0698593810562957	0.0498995578973541	0.0149698673692062	0.0174648452640739	0.114768983163914	0.0349296905281479	0.0798392926357665)
(0.323596870568702	0.0873711550535497	0.0906071237592367	0.0647193741137405	0.0194158122341221	0.0226517809398092	0.148854560461603	0.0453035618796183	0.103550998581985)
(0.391001736488000	0.105570468851760	0.109480486216640	0.0782003472976000	0.0234601041892800	0.0273701215541600	0.179860798784480	0.0547402431083200	0.125120555676160)
(0.393395872248839	0.106216885507186	0.110150844229675	0.0786791744497677	0.0236037523349303	0.0275377110574187	0.180962101234466	0.0550754221148374	0.125886679119628)
(0.436447406877924	0.117840799857039	0.122205273925819	0.0872894813755848	0.0261868444126754	0.0305513184814547	0.200765807163845	0.0611026369629094	0.139663170200936)
(0.406958306430009	0.109878742736102	0.113948325800403	0.0813916612860018	0.0244174983858005	0.0284870814501006	0.187200820957804	0.0569741629002013	0.130226658057603)
(0.447888337780293	0.120929851200679	0.125408734578482	0.0895776675560586	0.0268733002668176	0.0313521836446205	0.206028635378935	0.0627043672892410	0.143324268089694)
(0.563890014612602	0.152250303945402	0.157889204091528	0.112778002922520	0.0338334008767561	0.0394723010228821	0.259389406721797	0.0789446020457642	0.180444804676033)
(0.553679003611235	0.149493330975034	0.155030121011146	0.110735800722247	0.0332207402166741	0.0387575302527865	0.254692341661168	0.0775150605055729	0.177177281155595)
(0.517682144973301	0.139774179142791	0.144951000592524	0.103536428994660	0.0310609286983980	0.0362377501481310	0.238133786687718	0.0724755002962621	0.165658286391456)
(0.525391356837173	0.141855666346037	0.147109579914408	0.105078271367435	0.0315234814102304	0.0367773949786021	0.241680024145099	0.0735547899572042	0.168125234187895)
(0.604921464166533	0.163328795324964	0.169378009966629	0.120984292833307	0.0362952878499920	0.0423445024916573	0.278263873516605	0.0846890049833147	0.193574868533291)
(0.634805887703179	0.171397589679858	0.177745648556890	0.126961177540636	0.0380883532621908	0.0444364121392225	0.292010708343462	0.0888728242784451	0.203137884065017)
(0.640007213801911	0.172801947726516	0.179202019864535	0.128001442760382	0.0384004328281147	0.0448005049661338	0.294403318348879	0.0896010099322675	0.204802308416612)
(0.574666012898715	0.155159823482653	0.160906483611640	0.114933202579743	0.0344799607739229	0.0402266209029101	0.264346365933409	0.0804532418058202	0.183893124127589)
(0.580826198725425	0.156823073655865	0.162631335643119	0.116165239745085	0.0348495719235255	0.0406578339107797	0.267180051413695	0.0813156678215595	0.185864383592136)
(0.555598676965858	0.150011642780782	0.155567629550440	0.111119735393172	0.0333359206179515	0.0388919073876100	0.255575391404295	0.0777838147752201	0.177791576629074)
(0.601722229918806	0.162465002078078	0.168482224377266	0.120344445983761	0.0361033337951283	0.0421205560943164	0.276792225762651	0.0842411121886328	0.192551113574018)
(0.671859051092418	0.181401943794953	0.188120534305877	0.134371810218484	0.0403115430655451	0.0470301335764693	0.309055163502512	0.0940602671529386	0.214994896349574)
(0.525335711647703	0.141840642144880	0.147093999261357	0.105067142329541	0.0315201426988622	0.0367734998153392	0.241654427357944	0.0735469996306785	0.168107427727265)
(0.623417304459123	0.168322672203963	0.174556845248554	0.124683460891825	0.0374050382675474	0.0436392113121386	0.286771960051197	0.0872784226242772	0.199493537426919)
(0.588620069295265	0.158927418709722	0.164813619402674	0.117724013859053	0.0353172041577159	0.0412034048506685	0.270765231875822	0.0824068097013371	0.188358422174485)
(0.706881373999818	0.190857970979951	0.197926784719949	0.141376274799964	0.0424128824399891	0.0494816961799872	0.325165432039916	0.0989633923599745	0.226202039679942)
(0.644738088380726	0.174079283862796	0.180526664746603	0.128947617676145	0.0386842853028435	0.0451316661866508	0.296579520655134	0.0902633323733016	0.206316188281832)
(0.561263661605638	0.151541188633522	0.157153825249579	0.112252732321128	0.0336758196963383	0.0392884563123946	0.258181284338593	0.0785769126247893	0.179604371713804)
(0.617616501976820	0.166756455533742	0.172932620553510	0.123523300395364	0.0370569901186092	0.0432331551383774	0.284103590909337	0.0864663102767549	0.197637280632582)
(0.603270432346647	0.162883016733595	0.168915721057061	0.120654086469329	0.0361962259407988	0.0422289302642653	0.277504398879458	0.0844578605285306	0.193046538350927)
(0.593376331466803	0.160211609496037	0.166145372810705	0.118675266293361	0.0356025798880082	0.0415363432026762	0.272953112474729	0.0830726864053524	0.189880426069377)
(0.654246360493393	0.176646517333216	0.183188980938150	0.130849272098679	0.0392547816296036	0.0457972452345375	0.300953325826961	0.0915944904690750	0.209358835357886)
(0.544398707154080	0.146987650931602	0.152431638003142	0.108879741430816	0.0326639224292448	0.0381079095007856	0.250423405290877	0.0762158190015712	0.174207586289306)
(0.701652418727043	0.189446153056302	0.196462677243572	0.140330483745409	0.0420991451236226	0.0491156693108930	0.322760112614440	0.0982313386217861	0.224528773992654)
(0.694067650642909	0.187398265673585	0.194338942180014	0.138813530128582	0.0416440590385745	0.0485847355450036	0.319271119295738	0.0971694710900072	0.222101648205731)
(0.639647807866028	0.172704908123828	0.179101386202488	0.127929561573206	0.0383788684719617	0.0447753465506220	0.294237991618373	0.0895506931012439	0.204687298517129)
(0.645026522099182	0.174157160966779	0.180607426187771	0.129005304419836	0.0387015913259509	0.0451518565469428	0.296712200165624	0.0903037130938855	0.206408487071738)
(0.447640552847018	0.120862949268695	0.125339354797165	0.0895281105694036	0.0268584331708211	0.0313348386992913	0.205914654309628	0.0626696773985825	0.143244976911046)
(0.491124179811199	0.132603528549024	0.137514770347136	0.0982248359622399	0.0294674507886720	0.0343786925867840	0.225917122713152	0.0687573851735679	0.157159737539584)
(0.559905922525455	0.151174599081873	0.156773658307127	0.111981184505091	0.0335943553515273	0.0391934145767818	0.257556724361709	0.0783868291535637	0.179169895208146)
(0.546663183153294	0.147599059451389	0.153065691282922	0.109332636630659	0.0327997909891976	0.0382664228207306	0.251465064250515	0.0765328456414612	0.174932218609054)
(0.572776238397167	0.154649584367235	0.160377346751207	0.114555247679433	0.0343665743038300	0.0400943366878017	0.263477069662697	0.0801886733756033	0.183288396287093)
(0.555561852619107	0.150001700207159	0.155557318733350	0.111112370523821	0.0333337111571464	0.0388893296833375	0.255558452204789	0.0777786593666750	0.177779792838114)
(0.564617095682411	0.152446615834251	0.158092786791075	0.112923419136482	0.0338770257409446	0.0395231966977688	0.259723864013909	0.0790463933955375	0.180677470618371)
(0.581965106843021	0.157130578847616	0.162950229916046	0.116393021368604	0.0349179064105813	0.0407375574790115	0.267703949147790	0.0814751149580230	0.186228834189767)
(0.531813394434465	0.143589616497306	0.148907750441650	0.106362678886893	0.0319088036660679	0.0372269376104126	0.244634161439854	0.0744538752208251	0.170180286219029)
(0.591039305155502	0.159580612391986	0.165491005443541	0.118207861031100	0.0354623583093301	0.0413727513608851	0.271878080371531	0.0827455027217703	0.189132577649761)
(0.508451552337247	0.137281919131057	0.142366434654429	0.101690310467449	0.0305070931402348	0.0355916086636073	0.233887714075134	0.0711832173272146	0.162704496747919)
(0.533110592644808	0.143939860014098	0.149270965940546	0.106622118528962	0.0319866355586885	0.0373177414851365	0.245230872616612	0.0746354829702731	0.170595389646338)
(0.622709881865537	0.168131668103695	0.174358766922350	0.124541976373107	0.0373625929119322	0.0435896917305876	0.286446545658147	0.0871793834611752	0.199267162196972)
(0.529578617635337	0.142986226761541	0.148282012937894	0.105915723527067	0.0317747170581202	0.0370705032344736	0.243606164112255	0.0741410064689471	0.169465157643308)
(0.509552332594539	0.137579129800525	0.142674653126471	0.101910466518908	0.0305731399556723	0.0356686632816177	0.234394072993488	0.0713373265632354	0.163056746430252)
(0.484947293166606	0.130935769154984	0.135785242086650	0.0969894586333211	0.0290968375899963	0.0339463105216624	0.223075754856639	0.0678926210433248	0.155183133813314)
(0.498995027173297	0.134728657336790	0.139718607608523	0.0997990054346594	0.0299397016303978	0.0349296519021308	0.229537712499717	0.0698593038042615	0.159678408695455)
(0.510691608636934	0.137886734331972	0.142993650418342	0.102138321727387	0.0306414965182160	0.0357484126045854	0.234918139972990	0.0714968252091708	0.163421314763819)
(0.509684155938061	0.137614722103276	0.142711563662657	0.101936831187612	0.0305810493562836	0.0356778909156643	0.234454711731508	0.0713557818313285	0.163098929900179)
(0.462511743336239	0.124878170700784	0.129503288134147	0.0925023486672477	0.0277507046001743	0.0323758220335367	0.212755401934670	0.0647516440670734	0.148003757867596)
(0.518325496618719	0.139947884087054	0.145131139053241	0.103665099323744	0.0310995297971231	0.0362827847633103	0.238429728444611	0.0725655695266206	0.165864158917990)
(0.541060823243861	0.146086422275843	0.151497030508281	0.108212164648772	0.0324636493946317	0.0378742576270703	0.248887978692176	0.0757485152541406	0.173139463438036)
(0.488811082277578	0.131978992214946	0.136867103037722	0.0977622164555156	0.0293286649366547	0.0342167757594305	0.224853097847686	0.0684335515188609	0.156419546328825)
(0.443081223461838	0.119631930334696	0.124062742569315	0.0886162446923676	0.0265848734077103	0.0310156856423286	0.203817362792445	0.0620313712846573	0.141785991507788)
(0.412642954246783	0.111413597646631	0.115540027189099	0.0825285908493565	0.0247585772548070	0.0288850067972748	0.189815758953520	0.0577700135945496	0.132045745358970)
(0.376392444479830	0.101625960009554	0.105389884454352	0.0752784888959660	0.0225835466687898	0.0263474711135881	0.173140524460722	0.0526949422271762	0.120445582233546)
(0.346287922750448	0.0934977391426211	0.0969606183701256	0.0692575845500897	0.0207772753650269	0.0242401545925314	0.159292444465206	0.0484803091850628	0.110812135280144)
(0.329957724927765	0.0890885857304966	0.0923881629797742	0.0659915449855530	0.0197974634956659	0.0230970407449436	0.151780553466772	0.0461940814898871	0.105586471976885)
(0.406043392497273	0.109631715974264	0.113692149899237	0.0812086784994547	0.0243626035498364	0.0284230374748091	0.186779960548746	0.0568460749496183	0.129933885599127)
(0.323089151997448	0.0872340710393109	0.0904649625592853	0.0646178303994895	0.0193853491198469	0.0226162406398213	0.148621009918826	0.0452324812796427	0.103388528639183)
(0.384965466266646	0.103940675891994	0.107790330554661	0.0769930932533291	0.0230979279759987	0.0269475826386652	0.177084114482657	0.0538951652773304	0.123188949205327)
(0.359352577744875	0.0970251959911162	0.100618721768565	0.0718705155489749	0.0215611546646925	0.0251546804421412	0.165302185762642	0.0503093608842825	0.114992824878360)
(0.271468165991873	0.0732964048178058	0.0760110864777245	0.0542936331983746	0.0162880899595124	0.0190027716194311	0.124875356356262	0.0380055432388622	0.0868698131173994)
(0.339063485577276	0.0915471411058645	0.0949377759616372	0.0678126971154552	0.0203438091346366	0.0237344439904093	0.155969203365547	0.0474688879808186	0.108500315384728)
(0.375117351933415	0.101281685022022	0.105032858541356	0.0750234703866830	0.0225070411160049	0.0262582146353391	0.172553981889371	0.0525164292706781	0.120037552618693)
(0.340741404474762	0.0920001792081857	0.0954075932529333	0.0681482808949524	0.0204444842684857	0.0238518983132333	0.156741046058390	0.0477037966264667	0.109037249431924)
(0.356602006420801	0.0962825417336162	0.0998485617978243	0.0713204012841602	0.0213961203852481	0.0249621404494561	0.164036922953568	0.0499242808989121	0.114112642054656)
(0.304259572201364	0.0821500844943682	0.0851926802163819	0.0608519144402728	0.0182555743320818	0.0212981700540955	0.139959403212627	0.0425963401081909	0.0973630631044364)
(0.341573234561406	0.0922247733315797	0.0956405056771938	0.0683146469122813	0.0204943940736844	0.0239101264192984	0.157123687898247	0.0478202528385969	0.109303435059650)
(0.289795884828166	0.0782448889036049	0.0811428477518865	0.0579591769656332	0.0173877530896900	0.0202857119379716	0.133306107020956	0.0405714238759433	0.0927346831450132)
(0.280151874424660	0.0756410060946583	0.0784425248389049	0.0560303748849321	0.0168091124654796	0.0196106312097262	0.128869862235344	0.0392212624194525	0.0896485998158913)
(0.249739970792342	0.0674297921139322	0.0699271918218557	0.0499479941584683	0.0149843982475405	0.0174817979554639	0.114880386564477	0.0349635959109278	0.0799167906535493)
(0.321302932109009	0.0867517916694325	0.0899648209905225	0.0642605864218018	0.0192781759265405	0.0224912052476306	0.147799348770144	0.0449824104952613	0.102816938274883)
(0.277085695394321	0.0748131377564667	0.0775839947104099	0.0554171390788642	0.0166251417236593	0.0193959986776025	0.127459419881388	0.0387919973552049	0.0886674225261827)
(0.249361157518341	0.0673275125299521	0.0698211241051355	0.0498722315036682	0.0149616694511005	0.0174552810262839	0.114706132458437	0.0349105620525678	0.0797955704058692)
(0.358113246374038	0.0966905765209901	0.100271708984731	0.0716226492748075	0.0214867947824423	0.0250679272461826	0.164732093332057	0.0501358544923653	0.114596238839692)
(0.317942972848603	0.0858446026691227	0.0890240323976087	0.0635885945697205	0.0190765783709162	0.0222560080994022	0.146253767510357	0.0445120161988044	0.101741751311553)
(0.266910805084741	0.0720659173728800	0.0747350254237274	0.0533821610169481	0.0160146483050844	0.0186837563559318	0.122778970338981	0.0373675127118637	0.0854114576271170)
(0.307326482739121	0.0829781503395626	0.0860514151669538	0.0614652965478241	0.0184395889643472	0.0215128537917384	0.141370182059995	0.0430257075834769	0.0983444744765186)
(0.292461383228766	0.0789645734717669	0.0818891873040546	0.0584922766457533	0.0175476829937260	0.0204722968260136	0.134532236285233	0.0409445936520273	0.0935876426332052)
(0.257819427055315	0.0696112453049351	0.0721894395754882	0.0515638854110630	0.0154691656233189	0.0180473598938721	0.118596936445445	0.0360947197877441	0.0825022166577008)
(0.332792131968365	0.0898538756314586	0.0931817969511423	0.0665584263936731	0.0199675279181019	0.0232954492377856	0.153084380705448	0.0465908984755711	0.106493482229877)
(0.299377040451951	0.0808318009220267	0.0838255713265462	0.0598754080903901	0.0179626224271170	0.0209563928316365	0.137713438607897	0.0419127856632731	0.0958006529446242)
(0.340329617926860	0.0918889968402521	0.0952922930195207	0.0680659235853719	0.0204197770756116	0.0238230732548802	0.156551624246355	0.0476461465097603	0.108905477736595)
(0.306818450507935	0.0828409816371424	0.0859091661422218	0.0613636901015870	0.0184091070304761	0.0214772915355554	0.141136487233650	0.0429545830711109	0.0981819041625392)
(0.295885001790040	0.0798889504833108	0.0828478005012112	0.0591770003580080	0.0177531001074024	0.0207119501253028	0.136107100823418	0.0414239002506056	0.0946832005728128)
(0.277074713419784	0.0748101726233418	0.0775809197575396	0.0554149426839569	0.0166244828051871	0.0193952299393849	0.127454368173101	0.0387904598787698	0.0886639082943310)
(0.264018783581570	0.0712850715670240	0.0739252594028397	0.0528037567163141	0.0158411270148942	0.0184813148507099	0.121448640447522	0.0369626297014199	0.0844860107461025)
(0.247764759072592	0.0668964849495998	0.0693741325403258	0.0495529518145184	0.0148658855443555	0.0173435331350814	0.113971789173392	0.0346870662701629	0.0792847229032294)
(0.326330003094910	0.0881091008356257	0.0913724008665748	0.0652660006189820	0.0195798001856946	0.0228431002166437	0.150111801423659	0.0456862004332874	0.104425600990371)
(0.295656178424385	0.0798271681745839	0.0827837299588277	0.0591312356848769	0.0177393707054631	0.0206959324897069	0.136001842075217	0.0413918649794139	0.0946099770958031)
(0.264887397720093	0.0715195973844251	0.0741684713616260	0.0529774795440186	0.0158932438632056	0.0185421178404065	0.121848202951243	0.0370842356808130	0.0847639672704297)
(0.269877116728724	0.0728668215167554	0.0755655926840426	0.0539754233457447	0.0161926270037234	0.0188913981710106	0.124143473695213	0.0377827963420213	0.0863606773531915)
(0.290971713201076	0.0785623625642904	0.0814720796963012	0.0581943426402151	0.0174583027920645	0.0203680199240753	0.133846988072495	0.0407360398481506	0.0931109482243442)
(0.322676988449315	0.0871227868813150	0.0903495567658082	0.0645353976898630	0.0193606193069589	0.0225873891914521	0.148431414686685	0.0451747783829041	0.103256636303781)
(0.312455230745877	0.0843629123013868	0.0874874646088456	0.0624910461491754	0.0187473138447526	0.0218718661522114	0.143729406143103	0.0437437323044228	0.0999856738386807)
(0.258494144456861	0.0697934190033525	0.0723783604479211	0.0516988288913722	0.0155096486674117	0.0180945901119803	0.118907306450156	0.0361891802239605	0.0827181262261955)
(0.532393072865559	0.143746129673701	0.149070060402356	0.106478614573112	0.0319435843719335	0.0372675151005891	0.244900813518157	0.0745350302011782	0.170365783316979)
(0.287108739773201	0.0775193597387642	0.0803904471364962	0.0574217479546402	0.0172265243863920	0.0200976117841241	0.132070020295672	0.0401952235682481	0.0918747967274243)
(0.266273549467061	0.0718938583561065	0.0745565938507771	0.0532547098934122	0.0159764129680237	0.0186391484626943	0.122485832754848	0.0372782969253885	0.0852075358294595)
(0.340162411489607	0.0918438511021940	0.0952454752170901	0.0680324822979215	0.0204097446893764	0.0238113688042725	0.156474709285219	0.0476227376085450	0.108851971676674)
(0.235669587716230	0.0636307886833822	0.0659874845605445	0.0471339175432461	0.0141401752629738	0.0164968711401361	0.108408010349466	0.0329937422802722	0.0754142680691937)
(0.317975945185938	0.0858535052002034	0.0890332646520627	0.0635951890371877	0.0190785567111563	0.0222583161630157	0.146268934785532	0.0445166323260314	0.101752302459500)
(0.346668295850257	0.0936004398795693	0.0970671228380719	0.0693336591700513	0.0208000977510154	0.0242667807095180	0.159467416091118	0.0485335614190359	0.110933854672082)
(0.307217014977597	0.0829485940439513	0.0860207641937273	0.0614434029955195	0.0184330208986558	0.0215051910484318	0.141319826889695	0.0430103820968636	0.0983094447928312)
(0.407735331062761	0.110088539386945	0.114165892697573	0.0815470662125522	0.0244641198637656	0.0285414731743933	0.187558252288870	0.0570829463487865	0.130475305940083)
(0.873695689068908	0.235897836048605	0.244634792939294	0.174739137813782	0.0524217413441344	0.0611586982348235	0.401900016971697	0.122317396469647	0.279582620502050)
(0.306141434040468	0.0826581871909263	0.0857196015313310	0.0612282868080936	0.0183684860424281	0.0214299003828328	0.140825059658615	0.0428598007656655	0.0979652588929497)
(0.284132377521517	0.0767157419308095	0.0795570657060247	0.0568264755043034	0.0170479426512910	0.0198892664265062	0.130700893659898	0.0397785328530124	0.0909223608068854)
(0.280465401796236	0.0757256584849838	0.0785303125029462	0.0560930803592473	0.0168279241077742	0.0196325781257365	0.129014084826269	0.0392651562514731	0.0897489285747956)
(0.248432545008891	0.0670767871524005	0.0695611126024894	0.0496865090017781	0.0149059527005334	0.0173902781506224	0.114278970704090	0.0347805563012447	0.0794984144028450)
(0.243385790508393	0.0657141634372662	0.0681480213423501	0.0486771581016787	0.0146031474305036	0.0170370053355875	0.111957463633861	0.0340740106711751	0.0778834529626859)
(0.380115013528695	0.102631053652748	0.106432203788035	0.0760230027057390	0.0228069008117217	0.0266080509470086	0.174852906223200	0.0532161018940173	0.121636804329182)
(0.290210453935762	0.0783568225626558	0.0812589271020134	0.0580420907871524	0.0174126272361457	0.0203147317755034	0.133496808810451	0.0406294635510067	0.0928673452594439)
(0.316786727278624	0.0855324163652284	0.0887002836380147	0.0633573454557248	0.0190072036367174	0.0221750709095037	0.145721894548167	0.0443501418190073	0.101371752729160)
(0.300698963544135	0.0811887201569164	0.0841957097923578	0.0601397927088270	0.0180419378126481	0.0210489274480895	0.138321523230302	0.0420978548961789	0.0962236683341232)
(0.316747238984092	0.0855217545257047	0.0886892269155456	0.0633494477968183	0.0190048343390455	0.0221723067288864	0.145703729932682	0.0443446134577728	0.101359116474909)
(0.293447905127327	0.0792309343843783	0.0821654134356515	0.0586895810254654	0.0176068743076396	0.0205413533589129	0.134986036358570	0.0410827067178258	0.0939033296407446)
(0.313266442422572	0.0845819394540945	0.0877146038783202	0.0626532884845144	0.0187959865453543	0.0219286509695801	0.144102563514383	0.0438573019391601	0.100245261575223)
(0.334473086913864	0.0903077334667432	0.0936524643358818	0.0668946173827727	0.0200683852148318	0.0234131160839705	0.153857619980377	0.0468262321679409	0.107031387812436)
(0.301703787827155	0.0814600227133319	0.0844770605916034	0.0603407575654310	0.0181022272696293	0.0211192651479009	0.138783742400491	0.0422385302958017	0.0965452121046896)
(0.274783535435727	0.0741915545676462	0.0769393899220035	0.0549567070871454	0.0164870121261436	0.0192348474805009	0.126400426300434	0.0384696949610018	0.0879307313394326)
(0.295949872574626	0.0799064655951492	0.0828659643208954	0.0591899745149253	0.0177569923544776	0.0207164910802239	0.136136941384328	0.0414329821604477	0.0947039592238805)
(0.264539417395610	0.0714256426968147	0.0740710368707708	0.0529078834791220	0.0158723650437366	0.0185177592176927	0.121688132001981	0.0370355184353854	0.0846526135665952)
(0.234433133504032	0.0632969460460887	0.0656412773811290	0.0468866267008065	0.0140659880102419	0.0164103193452823	0.107839241411855	0.0328206386905645	0.0750186027212903)
(0.276375145929315	0.0746212894009149	0.0773850408602081	0.0552750291858629	0.0165825087557589	0.0193462602150520	0.127132567127485	0.0386925204301040	0.0884400466973807)
(0.273844636771881	0.0739380519284078	0.0766764982961266	0.0547689273543761	0.0164306782063128	0.0191691245740316	0.125968532915065	0.0383382491480633	0.0876302837670018)
(0.322491910595227	0.0870728158607113	0.0902977349666636	0.0644983821190454	0.0193495146357136	0.0225744337416659	0.148346278873804	0.0451488674833318	0.103197411390473)
(0.265197521146220	0.0716033307094795	0.0742553059209417	0.0530395042292441	0.0159118512687732	0.0185638264802354	0.121990859727261	0.0371276529604709	0.0848632067667905)
(0.816028575151961	0.220327715291029	0.228488001042549	0.163205715030392	0.0489617145091177	0.0571220002606373	0.375373144569902	0.114244000521275	0.261129144048628)
(0.307314215274406	0.0829748381240897	0.0860479802768338	0.0614628430548813	0.0184388529164644	0.0215119950692084	0.141364539026227	0.0430239901384169	0.0983405488878100)
(0.407306510749225	0.109972757902291	0.114045823009783	0.0814613021498449	0.0244383906449535	0.0285114557524457	0.187360994944643	0.0570229115048914	0.130338083439752)
(0.974280548360308	0.263055748057283	0.272798553540886	0.194856109672062	0.0584568329016185	0.0681996383852216	0.448169052245742	0.136399276770443	0.311769775475299)
(0.334322927390103	0.0902671903953277	0.0936104196692288	0.0668645854780205	0.0200593756434062	0.0234026049173072	0.153788546599447	0.0468052098346144	0.106983336764833)
(0.240106902309426	0.0648288636235451	0.0672299326466393	0.0480213804618852	0.0144064141385656	0.0168074831616598	0.110449175062336	0.0336149663233197	0.0768342087390164)
(0.280361725827596	0.0756976659734509	0.0785012832317269	0.0560723451655192	0.0168217035496558	0.0196253208079317	0.128966393880694	0.0392506416158635	0.0897157522648307)
(0.296584975323085	0.0800779433372331	0.0830437930904639	0.0593169950646171	0.0177950985193851	0.0207609482726160	0.136429088648619	0.0415218965452320	0.0949071921033873)
(0.280131655790710	0.0756355470634916	0.0784368636213987	0.0560263311581420	0.0168078993474426	0.0196092159053497	0.128860561663727	0.0392184318106994	0.0896421298530271)
(0.257990281628538	0.0696573760397052	0.0722372788559906	0.0515980563257076	0.0154794168977123	0.0180593197139977	0.118675529549127	0.0361186394279953	0.0825568901211321)
(0.275656955306440	0.0744273779327389	0.0771839474858033	0.0551313910612881	0.0165394173183864	0.0192959868714508	0.126802199440963	0.0385919737429016	0.0882102256980609)
(0.247454562444974	0.0668127318601429	0.0692872774845926	0.0494909124889947	0.0148472737466984	0.0173218193711482	0.113829098724688	0.0346436387422963	0.0791854599823916)
(0.257697465768151	0.0695783157574007	0.0721552904150822	0.0515394931536302	0.0154618479460891	0.0180388226037706	0.118540834253349	0.0360776452075411	0.0824631890458083)
(0.257462178124408	0.0695147880935901	0.0720894098748342	0.0514924356248816	0.0154477306874645	0.0180223524687086	0.118432601937228	0.0360447049374171	0.0823878969998105)
(0.255786605800930	0.0690623835662511	0.0716202496242604	0.0511573211601860	0.0153471963480558	0.0179050624060651	0.117661838668428	0.0358101248121302	0.0818517138562976)
(0.241483903323953	0.0652006538974673	0.0676154929307068	0.0482967806647906	0.0144890341994372	0.0169038732326767	0.111082595529018	0.0338077464653534	0.0772748490636649)
(0.269835646156151	0.0728556244621608	0.0755539809237223	0.0539671292312302	0.0161901387693691	0.0188884952309306	0.124124397231830	0.0377769904618612	0.0863474067699683)
(0.310564098254684	0.0838523065287646	0.0869579475113114	0.0621128196509367	0.0186338458952810	0.0217394868778279	0.142859485197155	0.0434789737556557	0.0993805114414988)
(0.227932225214152	0.0615417008078211	0.0638210230599627	0.0455864450428305	0.0136759335128491	0.0159552557649907	0.104848823598510	0.0319105115299813	0.0729383120685287)
(0.247315573359544	0.0667752048070769	0.0692483605406723	0.0494631146719088	0.0148389344015726	0.0173120901351681	0.113765163745390	0.0346241802703362	0.0791409834750541)
(0.231422865973083	0.0624841738127325	0.0647984024724634	0.0462845731946167	0.0138853719583850	0.0161996006181158	0.106454518347618	0.0323992012362317	0.0740553171113867)
(0.270371959625893	0.0730004290989910	0.0757041486952500	0.0540743919251785	0.0162223175775536	0.0189260371738125	0.124371101427911	0.0378520743476250	0.0865190270802857)
(0.407341950941458	0.109982326754194	0.114055746263608	0.0814683901882916	0.0244405170564875	0.0285139365659021	0.187377297433071	0.0570278731318041	0.130349424301267)
(0.291118893794883	0.0786021013246183	0.0815132902625671	0.0582237787589765	0.0174671336276930	0.0203783225656418	0.133914691145646	0.0407566451312836	0.0931580460143624)
(0.264655927301310	0.0714571003713536	0.0741036596443667	0.0529311854602619	0.0158793556380786	0.0185259149110917	0.121741726558602	0.0370518298221833	0.0846898967364190)
(0.434346473374612	0.117273547811145	0.121617012544891	0.0868692946749224	0.0260607884024767	0.0304042531362228	0.199799377752321	0.0608085062724457	0.138990871479876)
(0.244129266051377	0.0659149018338718	0.0683561944943856	0.0488258532102754	0.0146477559630826	0.0170890486235964	0.112299462383633	0.0341780972471928	0.0781213651364406)
(0.219764839309240	0.0593365066134948	0.0615341550065872	0.0439529678618480	0.0131858903585544	0.0153835387516468	0.101091826082250	0.0307670775032936	0.0703247485789568)
(0.265272766964375	0.0716236470803812	0.0742763747500249	0.0530545533928749	0.0159163660178625	0.0185690936875062	0.122025472803612	0.0371381873750125	0.0848872854285999)
(0.825312748692967	0.222834442147101	0.231087569634031	0.165062549738594	0.0495187649215780	0.0577718924085077	0.379643864398765	0.115543784817015	0.264100079581750)
(0.399394270909916	0.107836453145677	0.111830395854777	0.0798788541819833	0.0239636562545950	0.0279575989636941	0.183721364618561	0.0559151979273883	0.127806166691173)
(0.288480212810459	0.0778896574588238	0.0807744595869284	0.0576960425620917	0.0173088127686275	0.0201936148967321	0.132700897892811	0.0403872297934642	0.0923136680993468)
(0.310915584525601	0.0839472078219123	0.0870563636671683	0.0621831169051202	0.0186549350715361	0.0217640909167921	0.143021168881777	0.0435281818335842	0.0994929870481924)
(0.260048991609907	0.0702132277346748	0.0728137176507739	0.0520097983219813	0.0156029394965944	0.0182034294126935	0.119622536140557	0.0364068588253869	0.0832156773151701)
(0.258146028314887	0.0696994276450194	0.0722808879281683	0.0516292056629773	0.0154887616988932	0.0180702219820421	0.118747173024848	0.0361404439640841	0.0826067290607637)
(0.250428542462969	0.0676157064650017	0.0701199918896314	0.0500857084925938	0.0150257125477781	0.0175299979724078	0.115197129532966	0.0350599959448157	0.0801371335881501)
(0.319954153617510	0.0863876214767277	0.0895871630129028	0.0639908307235020	0.0191972492170506	0.0223967907532257	0.147178910664055	0.0447935815064514	0.102385329157603)
(0.337265324717357	0.0910616376736864	0.0944342909208600	0.0674530649434714	0.0202359194830414	0.0236085727302150	0.155142049369984	0.0472171454604300	0.107924903909554)
(1.98193718985029	0.535123041259579	0.554942413158082	0.396387437970059	0.118916231391018	0.138735603289521	0.911691107331135	0.277471206579041	0.634219900752094)
(1.21001566960982	0.326704230794651	0.338804387490749	0.242003133921963	0.0726009401765890	0.0847010968726872	0.556607208020516	0.169402193745374	0.387205014275142)
(0.353204451499123	0.0953652019047631	0.0988972464197543	0.0706408902998245	0.0211922670899474	0.0247243116049386	0.162474047689596	0.0494486232098772	0.113025424479719)
(0.289844130058775	0.0782579151158693	0.0811563564164571	0.0579688260117550	0.0173906478035265	0.0202890891041143	0.133328299827037	0.0405781782082285	0.0927501216188080)
(0.287110856427660	0.0775199312354682	0.0803910397997447	0.0574221712855320	0.0172266513856596	0.0200977599499362	0.132070993956724	0.0401955198998724	0.0918754740568511)
(0.292043601791604	0.0788517724837331	0.0817722085016491	0.0584087203583208	0.0175226161074962	0.0204430521254123	0.134340056824138	0.0408861042508246	0.0934539525733132)
(0.269743302759683	0.0728306917451143	0.0755281247727111	0.0539486605519365	0.0161845981655810	0.0188820311931778	0.124081919269454	0.0377640623863556	0.0863178568830984)
(0.263840590176992	0.0712369593477878	0.0738753652495577	0.0527681180353983	0.0158304354106195	0.0184688413123894	0.121366671481416	0.0369376826247788	0.0844289888566373)
(0.326616084346613	0.0881863427735856	0.0914525036170517	0.0653232168693227	0.0195969650607968	0.0228631259042629	0.150243398799442	0.0457262518085259	0.104517146990916)
(0.152620514481104	0.0412075389098982	0.0427337440547092	0.0305241028962209	0.00915723086886626	0.0106834360136773	0.0702054366613080	0.0213668720273546	0.0488385646339534)
(0.175507484351520	0.0473870207749103	0.0491420956184255	0.0351014968703039	0.0105304490610912	0.0122855239046064	0.0807334428016990	0.0245710478092127	0.0561623949924862)
(0.223419196610767	0.0603231830849071	0.0625573750510148	0.0446838393221534	0.0134051517966460	0.0156393437627537	0.102772830440953	0.0312786875255074	0.0714941429154454)
(0.249497789486770	0.0673644031614280	0.0698593810562957	0.0498995578973541	0.0149698673692062	0.0174648452640739	0.114768983163914	0.0349296905281479	0.0798392926357665)
(0.323596870568702	0.0873711550535497	0.0906071237592367	0.0647193741137405	0.0194158122341221	0.0226517809398092	0.148854560461603	0.0453035618796183	0.103550998581985)
(0.391001736488000	0.105570468851760	0.109480486216640	0.0782003472976000	0.0234601041892800	0.0273701215541600	0.179860798784480	0.0547402431083200	0.125120555676160)
(0.393395872248839	0.106216885507186	0.110150844229675	0.0786791744497677	0.0236037523349303	0.0275377110574187	0.180962101234466	0.0550754221148374	0.125886679119628)
(0.436447406877924	0.117840799857039	0.122205273925819	0.0872894813755848	0.0261868444126754	0.0305513184814547	0.200765807163845	0.0611026369629094	0.139663170200936)
(0.406958306430009	0.109878742736102	0.113948325800403	0.0813916612860018	0.0244174983858005	0.0284870814501006	0.187200820957804	0.0569741629002013	0.130226658057603)
(0.447888337780293	0.120929851200679	0.125408734578482	0.0895776675560586	0.0268733002668176	0.0313521836446205	0.206028635378935	0.0627043672892410	0.143324268089694)
(0.563890014612602	0.152250303945402	0.157889204091528	0.112778002922520	0.0338334008767561	0.0394723010228821	0.259389406721797	0.0789446020457642	0.180444804676033)
(0.553679003611235	0.149493330975034	0.155030121011146	0.110735800722247	0.0332207402166741	0.0387575302527865	0.254692341661168	0.0775150605055729	0.177177281155595)
(0.517682144973301	0.139774179142791	0.144951000592524	0.103536428994660	0.0310609286983980	0.0362377501481310	0.238133786687718	0.0724755002962621	0.165658286391456)
(0.525391356837173	0.141855666346037	0.147109579914408	0.105078271367435	0.0315234814102304	0.0367773949786021	0.241680024145099	0.0735547899572042	0.168125234187895)
(0.604921464166533	0.163328795324964	0.169378009966629	0.120984292833307	0.0362952878499920	0.0423445024916573	0.278263873516605	0.0846890049833147	0.193574868533291)
(0.634805887703179	0.171397589679858	0.177745648556890	0.126961177540636	0.0380883532621908	0.0444364121392225	0.292010708343462	0.0888728242784451	0.203137884065017)
(0.640007213801911	0.172801947726516	0.179202019864535	0.128001442760382	0.0384004328281147	0.0448005049661338	0.294403318348879	0.0896010099322675	0.204802308416612)
(0.574666012898715	0.155159823482653	0.160906483611640	0.114933202579743	0.0344799607739229	0.0402266209029101	0.264346365933409	0.0804532418058202	0.183893124127589)
(0.580826198725425	0.156823073655865	0.162631335643119	0.116165239745085	0.0348495719235255	0.0406578339107797	0.267180051413695	0.0813156678215595	0.185864383592136)
(0.555598676965858	0.150011642780782	0.155567629550440	0.111119735393172	0.0333359206179515	0.0388919073876100	0.255575391404295	0.0777838147752201	0.177791576629074)
(0.601722229918806	0.162465002078078	0.168482224377266	0.120344445983761	0.0361033337951283	0.0421205560943164	0.276792225762651	0.0842411121886328	0.192551113574018)
(0.671859051092418	0.181401943794953	0.188120534305877	0.134371810218484	0.0403115430655451	0.0470301335764693	0.309055163502512	0.0940602671529386	0.214994896349574)
(0.525335711647703	0.141840642144880	0.147093999261357	0.105067142329541	0.0315201426988622	0.0367734998153392	0.241654427357944	0.0735469996306785	0.168107427727265)
(0.623417304459123	0.168322672203963	0.174556845248554	0.124683460891825	0.0374050382675474	0.0436392113121386	0.286771960051197	0.0872784226242772	0.199493537426919)
(0.588620069295265	0.158927418709722	0.164813619402674	0.117724013859053	0.0353172041577159	0.0412034048506685	0.270765231875822	0.0824068097013371	0.188358422174485)
(0.706881373999818	0.190857970979951	0.197926784719949	0.141376274799964	0.0424128824399891	0.0494816961799872	0.325165432039916	0.0989633923599745	0.226202039679942)
(0.644738088380726	0.174079283862796	0.180526664746603	0.128947617676145	0.0386842853028435	0.0451316661866508	0.296579520655134	0.0902633323733016	0.206316188281832)
(0.561263661605638	0.151541188633522	0.157153825249579	0.112252732321128	0.0336758196963383	0.0392884563123946	0.258181284338593	0.0785769126247893	0.179604371713804)
(0.617616501976820	0.166756455533742	0.172932620553510	0.123523300395364	0.0370569901186092	0.0432331551383774	0.284103590909337	0.0864663102767549	0.197637280632582)
(0.603270432346647	0.162883016733595	0.168915721057061	0.120654086469329	0.0361962259407988	0.0422289302642653	0.277504398879458	0.0844578605285306	0.193046538350927)
(0.593376331466803	0.160211609496037	0.166145372810705	0.118675266293361	0.0356025798880082	0.0415363432026762	0.272953112474729	0.0830726864053524	0.189880426069377)
(0.654246360493393	0.176646517333216	0.183188980938150	0.130849272098679	0.0392547816296036	0.0457972452345375	0.300953325826961	0.0915944904690750	0.209358835357886)
(0.544398707154080	0.146987650931602	0.152431638003142	0.108879741430816	0.0326639224292448	0.0381079095007856	0.250423405290877	0.0762158190015712	0.174207586289306)
(0.701652418727043	0.189446153056302	0.196462677243572	0.140330483745409	0.0420991451236226	0.0491156693108930	0.322760112614440	0.0982313386217861	0.224528773992654)
(0.694067650642909	0.187398265673585	0.194338942180014	0.138813530128582	0.0416440590385745	0.0485847355450036	0.319271119295738	0.0971694710900072	0.222101648205731)
(0.639647807866028	0.172704908123828	0.179101386202488	0.127929561573206	0.0383788684719617	0.0447753465506220	0.294237991618373	0.0895506931012439	0.204687298517129)
(0.645026522099182	0.174157160966779	0.180607426187771	0.129005304419836	0.0387015913259509	0.0451518565469428	0.296712200165624	0.0903037130938855	0.206408487071738)
(0.447640552847018	0.120862949268695	0.125339354797165	0.0895281105694036	0.0268584331708211	0.0313348386992913	0.205914654309628	0.0626696773985825	0.143244976911046)
(0.491124179811199	0.132603528549024	0.137514770347136	0.0982248359622399	0.0294674507886720	0.0343786925867840	0.225917122713152	0.0687573851735679	0.157159737539584)
(0.559905922525455	0.151174599081873	0.156773658307127	0.111981184505091	0.0335943553515273	0.0391934145767818	0.257556724361709	0.0783868291535637	0.179169895208146)
(0.546663183153294	0.147599059451389	0.153065691282922	0.109332636630659	0.0327997909891976	0.0382664228207306	0.251465064250515	0.0765328456414612	0.174932218609054)
(0.572776238397167	0.154649584367235	0.160377346751207	0.114555247679433	0.0343665743038300	0.0400943366878017	0.263477069662697	0.0801886733756033	0.183288396287093)
(0.555561852619107	0.150001700207159	0.155557318733350	0.111112370523821	0.0333337111571464	0.0388893296833375	0.255558452204789	0.0777786593666750	0.177779792838114)
(0.564617095682411	0.152446615834251	0.158092786791075	0.112923419136482	0.0338770257409446	0.0395231966977688	0.259723864013909	0.0790463933955375	0.180677470618371)
(0.581965106843021	0.157130578847616	0.162950229916046	0.116393021368604	0.0349179064105813	0.0407375574790115	0.267703949147790	0.0814751149580230	0.186228834189767)
(0.531813394434465	0.143589616497306	0.148907750441650	0.106362678886893	0.0319088036660679	0.0372269376104126	0.244634161439854	0.0744538752208251	0.170180286219029)
(0.591039305155502	0.159580612391986	0.165491005443541	0.118207861031100	0.0354623583093301	0.0413727513608851	0.271878080371531	0.0827455027217703	0.189132577649761)
(0.508451552337247	0.137281919131057	0.142366434654429	0.101690310467449	0.0305070931402348	0.0355916086636073	0.233887714075134	0.0711832173272146	0.162704496747919)
(0.533110592644808	0.143939860014098	0.149270965940546	0.106622118528962	0.0319866355586885	0.0373177414851365	0.245230872616612	0.0746354829702731	0.170595389646338)
(0.622709881865537	0.168131668103695	0.174358766922350	0.124541976373107	0.0373625929119322	0.0435896917305876	0.286446545658147	0.0871793834611752	0.199267162196972)
(0.529578617635337	0.142986226761541	0.148282012937894	0.105915723527067	0.0317747170581202	0.0370705032344736	0.243606164112255	0.0741410064689471	0.169465157643308)
(0.509552332594539	0.137579129800525	0.142674653126471	0.101910466518908	0.0305731399556723	0.0356686632816177	0.234394072993488	0.0713373265632354	0.163056746430252)
(0.484947293166606	0.130935769154984	0.135785242086650	0.0969894586333211	0.0290968375899963	0.0339463105216624	0.223075754856639	0.0678926210433248	0.155183133813314)
(0.498995027173297	0.134728657336790	0.139718607608523	0.0997990054346594	0.0299397016303978	0.0349296519021308	0.229537712499717	0.0698593038042615	0.159678408695455)
(0.510691608636934	0.137886734331972	0.142993650418342	0.102138321727387	0.0306414965182160	0.0357484126045854	0.234918139972990	0.0714968252091708	0.163421314763819)
(0.509684155938061	0.137614722103276	0.142711563662657	0.101936831187612	0.0305810493562836	0.0356778909156643	0.234454711731508	0.0713557818313285	0.163098929900179)
(0.462511743336239	0.124878170700784	0.129503288134147	0.0925023486672477	0.0277507046001743	0.0323758220335367	0.212755401934670	0.0647516440670734	0.148003757867596)
(0.518325496618719	0.139947884087054	0.145131139053241	0.103665099323744	0.0310995297971231	0.0362827847633103	0.238429728444611	0.0725655695266206	0.165864158917990)
(0.541060823243861	0.146086422275843	0.151497030508281	0.108212164648772	0.0324636493946317	0.0378742576270703	0.248887978692176	0.0757485152541406	0.173139463438036)
(0.488811082277578	0.131978992214946	0.136867103037722	0.0977622164555156	0.0293286649366547	0.0342167757594305	0.224853097847686	0.0684335515188609	0.156419546328825)
(0.443081223461838	0.119631930334696	0.124062742569315	0.0886162446923676	0.0265848734077103	0.0310156856423286	0.203817362792445	0.0620313712846573	0.141785991507788)
(0.412642954246783	0.111413597646631	0.115540027189099	0.0825285908493565	0.0247585772548070	0.0288850067972748	0.189815758953520	0.0577700135945496	0.132045745358970)
(0.376392444479830	0.101625960009554	0.105389884454352	0.0752784888959660	0.0225835466687898	0.0263474711135881	0.173140524460722	0.0526949422271762	0.120445582233546)
(0.346287922750448	0.0934977391426211	0.0969606183701256	0.0692575845500897	0.0207772753650269	0.0242401545925314	0.159292444465206	0.0484803091850628	0.110812135280144)
(0.329957724927765	0.0890885857304966	0.0923881629797742	0.0659915449855530	0.0197974634956659	0.0230970407449436	0.151780553466772	0.0461940814898871	0.105586471976885)
(0.406043392497273	0.109631715974264	0.113692149899237	0.0812086784994547	0.0243626035498364	0.0284230374748091	0.186779960548746	0.0568460749496183	0.129933885599127)
(0.323089151997448	0.0872340710393109	0.0904649625592853	0.0646178303994895	0.0193853491198469	0.0226162406398213	0.148621009918826	0.0452324812796427	0.103388528639183)
(0.384965466266646	0.103940675891994	0.107790330554661	0.0769930932533291	0.0230979279759987	0.0269475826386652	0.177084114482657	0.0538951652773304	0.123188949205327)
(0.359352577744875	0.0970251959911162	0.100618721768565	0.0718705155489749	0.0215611546646925	0.0251546804421412	0.165302185762642	0.0503093608842825	0.114992824878360)
(0.271468165991873	0.0732964048178058	0.0760110864777245	0.0542936331983746	0.0162880899595124	0.0190027716194311	0.124875356356262	0.0380055432388622	0.0868698131173994)
(0.339063485577276	0.0915471411058645	0.0949377759616372	0.0678126971154552	0.0203438091346366	0.0237344439904093	0.155969203365547	0.0474688879808186	0.108500315384728)
(0.375117351933415	0.101281685022022	0.105032858541356	0.0750234703866830	0.0225070411160049	0.0262582146353391	0.172553981889371	0.0525164292706781	0.120037552618693)
(0.340741404474762	0.0920001792081857	0.0954075932529333	0.0681482808949524	0.0204444842684857	0.0238518983132333	0.156741046058390	0.0477037966264667	0.109037249431924)
(0.356602006420801	0.0962825417336162	0.0998485617978243	0.0713204012841602	0.0213961203852481	0.0249621404494561	0.164036922953568	0.0499242808989121	0.114112642054656)
(0.304259572201364	0.0821500844943682	0.0851926802163819	0.0608519144402728	0.0182555743320818	0.0212981700540955	0.139959403212627	0.0425963401081909	0.0973630631044364)
(0.341573234561406	0.0922247733315797	0.0956405056771938	0.0683146469122813	0.0204943940736844	0.0239101264192984	0.157123687898247	0.0478202528385969	0.109303435059650)
(0.289795884828166	0.0782448889036049	0.0811428477518865	0.0579591769656332	0.0173877530896900	0.0202857119379716	0.133306107020956	0.0405714238759433	0.0927346831450132)
(0.280151874424660	0.0756410060946583	0.0784425248389049	0.0560303748849321	0.0168091124654796	0.0196106312097262	0.128869862235344	0.0392212624194525	0.0896485998158913)
(0.249739970792342	0.0674297921139322	0.0699271918218557	0.0499479941584683	0.0149843982475405	0.0174817979554639	0.114880386564477	0.0349635959109278	0.0799167906535493)
(0.321302932109009	0.0867517916694325	0.0899648209905225	0.0642605864218018	0.0192781759265405	0.0224912052476306	0.147799348770144	0.0449824104952613	0.102816938274883)
(0.277085695394321	0.0748131377564667	0.0775839947104099	0.0554171390788642	0.0166251417236593	0.0193959986776025	0.127459419881388	0.0387919973552049	0.0886674225261827)
(0.249361157518341	0.0673275125299521	0.0698211241051355	0.0498722315036682	0.0149616694511005	0.0174552810262839	0.114706132458437	0.0349105620525678	0.0797955704058692)
(0.358113246374038	0.0966905765209901	0.100271708984731	0.0716226492748075	0.0214867947824423	0.0250679272461826	0.164732093332057	0.0501358544923653	0.114596238839692)
(0.317942972848603	0.0858446026691227	0.0890240323976087	0.0635885945697205	0.0190765783709162	0.0222560080994022	0.146253767510357	0.0445120161988044	0.101741751311553)
(0.266910805084741	0.0720659173728800	0.0747350254237274	0.0533821610169481	0.0160146483050844	0.0186837563559318	0.122778970338981	0.0373675127118637	0.0854114576271170)
(0.307326482739121	0.0829781503395626	0.0860514151669538	0.0614652965478241	0.0184395889643472	0.0215128537917384	0.141370182059995	0.0430257075834769	0.0983444744765186)
(0.292461383228766	0.0789645734717669	0.0818891873040546	0.0584922766457533	0.0175476829937260	0.0204722968260136	0.134532236285233	0.0409445936520273	0.0935876426332052)
(0.257819427055315	0.0696112453049351	0.0721894395754882	0.0515638854110630	0.0154691656233189	0.0180473598938721	0.118596936445445	0.0360947197877441	0.0825022166577008)
(0.332792131968365	0.0898538756314586	0.0931817969511423	0.0665584263936731	0.0199675279181019	0.0232954492377856	0.153084380705448	0.0465908984755711	0.106493482229877)
(0.299377040451951	0.0808318009220267	0.0838255713265462	0.0598754080903901	0.0179626224271170	0.0209563928316365	0.137713438607897	0.0419127856632731	0.0958006529446242)
(0.340329617926860	0.0918889968402521	0.0952922930195207	0.0680659235853719	0.0204197770756116	0.0238230732548802	0.156551624246355	0.0476461465097603	0.108905477736595)
(0.306818450507935	0.0828409816371424	0.0859091661422218	0.0613636901015870	0.0184091070304761	0.0214772915355554	0.141136487233650	0.0429545830711109	0.0981819041625392)
(0.295885001790040	0.0798889504833108	0.0828478005012112	0.0591770003580080	0.0177531001074024	0.0207119501253028	0.136107100823418	0.0414239002506056	0.0946832005728128)
(0.277074713419784	0.0748101726233418	0.0775809197575396	0.0554149426839569	0.0166244828051871	0.0193952299393849	0.127454368173101	0.0387904598787698	0.0886639082943310)
(0.264018783581570	0.0712850715670240	0.0739252594028397	0.0528037567163141	0.0158411270148942	0.0184813148507099	0.121448640447522	0.0369626297014199	0.0844860107461025)
(0.247764759072592	0.0668964849495998	0.0693741325403258	0.0495529518145184	0.0148658855443555	0.0173435331350814	0.113971789173392	0.0346870662701629	0.0792847229032294)
(0.326330003094910	0.0881091008356257	0.0913724008665748	0.0652660006189820	0.0195798001856946	0.0228431002166437	0.150111801423659	0.0456862004332874	0.104425600990371)
(0.295656178424385	0.0798271681745839	0.0827837299588277	0.0591312356848769	0.0177393707054631	0.0206959324897069	0.136001842075217	0.0413918649794139	0.0946099770958031)
(0.264887397720093	0.0715195973844251	0.0741684713616260	0.0529774795440186	0.0158932438632056	0.0185421178404065	0.121848202951243	0.0370842356808130	0.0847639672704297)
(0.269877116728724	0.0728668215167554	0.0755655926840426	0.0539754233457447	0.0161926270037234	0.0188913981710106	0.124143473695213	0.0377827963420213	0.0863606773531915)
(0.290971713201076	0.0785623625642904	0.0814720796963012	0.0581943426402151	0.0174583027920645	0.0203680199240753	0.133846988072495	0.0407360398481506	0.0931109482243442)
(0.322676988449315	0.0871227868813150	0.0903495567658082	0.0645353976898630	0.0193606193069589	0.0225873891914521	0.148431414686685	0.0451747783829041	0.103256636303781)
(0.312455230745877	0.0843629123013868	0.0874874646088456	0.0624910461491754	0.0187473138447526	0.0218718661522114	0.143729406143103	0.0437437323044228	0.0999856738386807)
(0.258494144456861	0.0697934190033525	0.0723783604479211	0.0516988288913722	0.0155096486674117	0.0180945901119803	0.118907306450156	0.0361891802239605	0.0827181262261955)
(0.532393072865559	0.143746129673701	0.149070060402356	0.106478614573112	0.0319435843719335	0.0372675151005891	0.244900813518157	0.0745350302011782	0.170365783316979)
(0.287108739773201	0.0775193597387642	0.0803904471364962	0.0574217479546402	0.0172265243863920	0.0200976117841241	0.132070020295672	0.0401952235682481	0.0918747967274243)
(0.266273549467061	0.0718938583561065	0.0745565938507771	0.0532547098934122	0.0159764129680237	0.0186391484626943	0.122485832754848	0.0372782969253885	0.0852075358294595)
(0.340162411489607	0.0918438511021940	0.0952454752170901	0.0680324822979215	0.0204097446893764	0.0238113688042725	0.156474709285219	0.0476227376085450	0.108851971676674)
(0.235669587716230	0.0636307886833822	0.0659874845605445	0.0471339175432461	0.0141401752629738	0.0164968711401361	0.108408010349466	0.0329937422802722	0.0754142680691937)
(0.317975945185938	0.0858535052002034	0.0890332646520627	0.0635951890371877	0.0190785567111563	0.0222583161630157	0.146268934785532	0.0445166323260314	0.101752302459500)
(0.346668295850257	0.0936004398795693	0.0970671228380719	0.0693336591700513	0.0208000977510154	0.0242667807095180	0.159467416091118	0.0485335614190359	0.110933854672082)
(0.307217014977597	0.0829485940439513	0.0860207641937273	0.0614434029955195	0.0184330208986558	0.0215051910484318	0.141319826889695	0.0430103820968636	0.0983094447928312)
(0.407735331062761	0.110088539386945	0.114165892697573	0.0815470662125522	0.0244641198637656	0.0285414731743933	0.187558252288870	0.0570829463487865	0.130475305940083)
(0.873695689068908	0.235897836048605	0.244634792939294	0.174739137813782	0.0524217413441344	0.0611586982348235	0.401900016971697	0.122317396469647	0.279582620502050)
(0.306141434040468	0.0826581871909263	0.0857196015313310	0.0612282868080936	0.0183684860424281	0.0214299003828328	0.140825059658615	0.0428598007656655	0.0979652588929497)
(0.284132377521517	0.0767157419308095	0.0795570657060247	0.0568264755043034	0.0170479426512910	0.0198892664265062	0.130700893659898	0.0397785328530124	0.0909223608068854)
(0.280465401796236	0.0757256584849838	0.0785303125029462	0.0560930803592473	0.0168279241077742	0.0196325781257365	0.129014084826269	0.0392651562514731	0.0897489285747956)
(0.248432545008891	0.0670767871524005	0.0695611126024894	0.0496865090017781	0.0149059527005334	0.0173902781506224	0.114278970704090	0.0347805563012447	0.0794984144028450)
(0.243385790508393	0.0657141634372662	0.0681480213423501	0.0486771581016787	0.0146031474305036	0.0170370053355875	0.111957463633861	0.0340740106711751	0.0778834529626859)
(0.380115013528695	0.102631053652748	0.106432203788035	0.0760230027057390	0.0228069008117217	0.0266080509470086	0.174852906223200	0.0532161018940173	0.121636804329182)
(0.290210453935762	0.0783568225626558	0.0812589271020134	0.0580420907871524	0.0174126272361457	0.0203147317755034	0.133496808810451	0.0406294635510067	0.0928673452594439)
(0.316786727278624	0.0855324163652284	0.0887002836380147	0.0633573454557248	0.0190072036367174	0.0221750709095037	0.145721894548167	0.0443501418190073	0.101371752729160)
(0.300698963544135	0.0811887201569164	0.0841957097923578	0.0601397927088270	0.0180419378126481	0.0210489274480895	0.138321523230302	0.0420978548961789	0.0962236683341232)
(0.316747238984092	0.0855217545257047	0.0886892269155456	0.0633494477968183	0.0190048343390455	0.0221723067288864	0.145703729932682	0.0443446134577728	0.101359116474909)
(0.293447905127327	0.0792309343843783	0.0821654134356515	0.0586895810254654	0.0176068743076396	0.0205413533589129	0.134986036358570	0.0410827067178258	0.0939033296407446)
(0.313266442422572	0.0845819394540945	0.0877146038783202	0.0626532884845144	0.0187959865453543	0.0219286509695801	0.144102563514383	0.0438573019391601	0.100245261575223)
(0.334473086913864	0.0903077334667432	0.0936524643358818	0.0668946173827727	0.0200683852148318	0.0234131160839705	0.153857619980377	0.0468262321679409	0.107031387812436)
(0.301703787827155	0.0814600227133319	0.0844770605916034	0.0603407575654310	0.0181022272696293	0.0211192651479009	0.138783742400491	0.0422385302958017	0.0965452121046896)
(0.274783535435727	0.0741915545676462	0.0769393899220035	0.0549567070871454	0.0164870121261436	0.0192348474805009	0.126400426300434	0.0384696949610018	0.0879307313394326)
(0.295949872574626	0.0799064655951492	0.0828659643208954	0.0591899745149253	0.0177569923544776	0.0207164910802239	0.136136941384328	0.0414329821604477	0.0947039592238805)
(0.264539417395610	0.0714256426968147	0.0740710368707708	0.0529078834791220	0.0158723650437366	0.0185177592176927	0.121688132001981	0.0370355184353854	0.0846526135665952)
(0.234433133504032	0.0632969460460887	0.0656412773811290	0.0468866267008065	0.0140659880102419	0.0164103193452823	0.107839241411855	0.0328206386905645	0.0750186027212903)
(0.276375145929315	0.0746212894009149	0.0773850408602081	0.0552750291858629	0.0165825087557589	0.0193462602150520	0.127132567127485	0.0386925204301040	0.0884400466973807)
(0.273844636771881	0.0739380519284078	0.0766764982961266	0.0547689273543761	0.0164306782063128	0.0191691245740316	0.125968532915065	0.0383382491480633	0.0876302837670018)
(0.322491910595227	0.0870728158607113	0.0902977349666636	0.0644983821190454	0.0193495146357136	0.0225744337416659	0.148346278873804	0.0451488674833318	0.103197411390473)
(0.265197521146220	0.0716033307094795	0.0742553059209417	0.0530395042292441	0.0159118512687732	0.0185638264802354	0.121990859727261	0.0371276529604709	0.0848632067667905)
(0.816028575151961	0.220327715291029	0.228488001042549	0.163205715030392	0.0489617145091177	0.0571220002606373	0.375373144569902	0.114244000521275	0.261129144048628)
(0.307314215274406	0.0829748381240897	0.0860479802768338	0.0614628430548813	0.0184388529164644	0.0215119950692084	0.141364539026227	0.0430239901384169	0.0983405488878100)
(0.407306510749225	0.109972757902291	0.114045823009783	0.0814613021498449	0.0244383906449535	0.0285114557524457	0.187360994944643	0.0570229115048914	0.130338083439752)
(0.974280548360308	0.263055748057283	0.272798553540886	0.194856109672062	0.0584568329016185	0.0681996383852216	0.448169052245742	0.136399276770443	0.311769775475299)
(0.334322927390103	0.0902671903953277	0.0936104196692288	0.0668645854780205	0.0200593756434062	0.0234026049173072	0.153788546599447	0.0468052098346144	0.106983336764833)
(0.240106902309426	0.0648288636235451	0.0672299326466393	0.0480213804618852	0.0144064141385656	0.0168074831616598	0.110449175062336	0.0336149663233197	0.0768342087390164)
(0.280361725827596	0.0756976659734509	0.0785012832317269	0.0560723451655192	0.0168217035496558	0.0196253208079317	0.128966393880694	0.0392506416158635	0.0897157522648307)
(0.296584975323085	0.0800779433372331	0.0830437930904639	0.0593169950646171	0.0177950985193851	0.0207609482726160	0.136429088648619	0.0415218965452320	0.0949071921033873)
(0.280131655790710	0.0756355470634916	0.0784368636213987	0.0560263311581420	0.0168078993474426	0.0196092159053497	0.128860561663727	0.0392184318106994	0.0896421298530271)
(0.257990281628538	0.0696573760397052	0.0722372788559906	0.0515980563257076	0.0154794168977123	0.0180593197139977	0.118675529549127	0.0361186394279953	0.0825568901211321)
(0.275656955306440	0.0744273779327389	0.0771839474858033	0.0551313910612881	0.0165394173183864	0.0192959868714508	0.126802199440963	0.0385919737429016	0.0882102256980609)
(0.247454562444974	0.0668127318601429	0.0692872774845926	0.0494909124889947	0.0148472737466984	0.0173218193711482	0.113829098724688	0.0346436387422963	0.0791854599823916)
(0.257697465768151	0.0695783157574007	0.0721552904150822	0.0515394931536302	0.0154618479460891	0.0180388226037706	0.118540834253349	0.0360776452075411	0.0824631890458083)
(0.257462178124408	0.0695147880935901	0.0720894098748342	0.0514924356248816	0.0154477306874645	0.0180223524687086	0.118432601937228	0.0360447049374171	0.0823878969998105)
(0.255786605800930	0.0690623835662511	0.0716202496242604	0.0511573211601860	0.0153471963480558	0.0179050624060651	0.117661838668428	0.0358101248121302	0.0818517138562976)
(0.241483903323953	0.0652006538974673	0.0676154929307068	0.0482967806647906	0.0144890341994372	0.0169038732326767	0.111082595529018	0.0338077464653534	0.0772748490636649)
(0.269835646156151	0.0728556244621608	0.0755539809237223	0.0539671292312302	0.0161901387693691	0.0188884952309306	0.124124397231830	0.0377769904618612	0.0863474067699683)
(0.310564098254684	0.0838523065287646	0.0869579475113114	0.0621128196509367	0.0186338458952810	0.0217394868778279	0.142859485197155	0.0434789737556557	0.0993805114414988)
(0.227932225214152	0.0615417008078211	0.0638210230599627	0.0455864450428305	0.0136759335128491	0.0159552557649907	0.104848823598510	0.0319105115299813	0.0729383120685287)
(0.247315573359544	0.0667752048070769	0.0692483605406723	0.0494631146719088	0.0148389344015726	0.0173120901351681	0.113765163745390	0.0346241802703362	0.0791409834750541)
(0.231422865973083	0.0624841738127325	0.0647984024724634	0.0462845731946167	0.0138853719583850	0.0161996006181158	0.106454518347618	0.0323992012362317	0.0740553171113867)
(0.270371959625893	0.0730004290989910	0.0757041486952500	0.0540743919251785	0.0162223175775536	0.0189260371738125	0.124371101427911	0.0378520743476250	0.0865190270802857)
(0.407341950941458	0.109982326754194	0.114055746263608	0.0814683901882916	0.0244405170564875	0.0285139365659021	0.187377297433071	0.0570278731318041	0.130349424301267)
(0.291118893794883	0.0786021013246183	0.0815132902625671	0.0582237787589765	0.0174671336276930	0.0203783225656418	0.133914691145646	0.0407566451312836	0.0931580460143624)
(0.264655927301310	0.0714571003713536	0.0741036596443667	0.0529311854602619	0.0158793556380786	0.0185259149110917	0.121741726558602	0.0370518298221833	0.0846898967364190)
(0.434346473374612	0.117273547811145	0.121617012544891	0.0868692946749224	0.0260607884024767	0.0304042531362228	0.199799377752321	0.0608085062724457	0.138990871479876)
(0.244129266051377	0.0659149018338718	0.0683561944943856	0.0488258532102754	0.0146477559630826	0.0170890486235964	0.112299462383633	0.0341780972471928	0.0781213651364406)
(0.219764839309240	0.0593365066134948	0.0615341550065872	0.0439529678618480	0.0131858903585544	0.0153835387516468	0.101091826082250	0.0307670775032936	0.0703247485789568)
(0.265272766964375	0.0716236470803812	0.0742763747500249	0.0530545533928749	0.0159163660178625	0.0185690936875062	0.122025472803612	0.0371381873750125	0.0848872854285999)
(0.825312748692967	0.222834442147101	0.231087569634031	0.165062549738594	0.0495187649215780	0.0577718924085077	0.379643864398765	0.115543784817015	0.264100079581750)
(0.399394270909916	0.107836453145677	0.111830395854777	0.0798788541819833	0.0239636562545950	0.0279575989636941	0.183721364618561	0.0559151979273883	0.127806166691173)
(0.288480212810459	0.0778896574588238	0.0807744595869284	0.0576960425620917	0.0173088127686275	0.0201936148967321	0.132700897892811	0.0403872297934642	0.0923136680993468)
(0.310915584525601	0.0839472078219123	0.0870563636671683	0.0621831169051202	0.0186549350715361	0.0217640909167921	0.143021168881777	0.0435281818335842	0.0994929870481924)
(0.260048991609907	0.0702132277346748	0.0728137176507739	0.0520097983219813	0.0156029394965944	0.0182034294126935	0.119622536140557	0.0364068588253869	0.0832156773151701)
(0.258146028314887	0.0696994276450194	0.0722808879281683	0.0516292056629773	0.0154887616988932	0.0180702219820421	0.118747173024848	0.0361404439640841	0.0826067290607637)
(0.250428542462969	0.0676157064650017	0.0701199918896314	0.0500857084925938	0.0150257125477781	0.0175299979724078	0.115197129532966	0.0350599959448157	0.0801371335881501)
(0.319954153617510	0.0863876214767277	0.0895871630129028	0.0639908307235020	0.0191972492170506	0.0223967907532257	0.147178910664055	0.0447935815064514	0.102385329157603)
(0.337265324717357	0.0910616376736864	0.0944342909208600	0.0674530649434714	0.0202359194830414	0.0236085727302150	0.155142049369984	0.0472171454604300	0.107924903909554)
(1.98193718985029	0.535123041259579	0.554942413158082	0.396387437970059	0.118916231391018	0.138735603289521	0.911691107331135	0.277471206579041	0.634219900752094)
(1.21001566960982	0.326704230794651	0.338804387490749	0.242003133921963	0.0726009401765890	0.0847010968726872	0.556607208020516	0.169402193745374	0.387205014275142)
(0.353204451499123	0.0953652019047631	0.0988972464197543	0.0706408902998245	0.0211922670899474	0.0247243116049386	0.162474047689596	0.0494486232098772	0.113025424479719)
(0.289844130058775	0.0782579151158693	0.0811563564164571	0.0579688260117550	0.0173906478035265	0.0202890891041143	0.133328299827037	0.0405781782082285	0.0927501216188080)
(0.287110856427660	0.0775199312354682	0.0803910397997447	0.0574221712855320	0.0172266513856596	0.0200977599499362	0.132070993956724	0.0401955198998724	0.0918754740568511)
(0.292043601791604	0.0788517724837331	0.0817722085016491	0.0584087203583208	0.0175226161074962	0.0204430521254123	0.134340056824138	0.0408861042508246	0.0934539525733132)
(0.269743302759683	0.0728306917451143	0.0755281247727111	0.0539486605519365	0.0161845981655810	0.0188820311931778	0.124081919269454	0.0377640623863556	0.0863178568830984)
(0.263840590176992	0.0712369593477878	0.0738753652495577	0.0527681180353983	0.0158304354106195	0.0184688413123894	0.121366671481416	0.0369376826247788	0.0844289888566373)
(0.326616084346613	0.0881863427735856	0.0914525036170517	0.0653232168693227	0.0195969650607968	0.0228631259042629	0.150243398799442	0.0457262518085259	0.104517146990916)
)