(
(0	0	0.0138504155124654)
(0	0	0.0415512465373961)
(0	0	0.0692520775623269)
(0	0	0.0969529085872576)
(0	0	0.124653739612188)
(0	0	0.152354570637119)
(0	0	0.180055401662050)
(0	0	0.207756232686981)
(0	0	0.235457063711911)
(0	0	0.263157894736842)
(0	0	0.290858725761773)
(0	0	0.318559556786704)
(0	0	0.346260387811634)
(0	0	0.373961218836565)
(0	0	0.401662049861496)
(0	0	0.429362880886427)
(0	0	0.457063711911357)
(0	0	0.484764542936288)
(0	0	0.512465373961219)
(0	0	0.540166204986150)
(0	0	0.567867036011080)
(0	0	0.595567867036011)
(0	0	0.623268698060942)
(0	0	0.650969529085873)
(0	0	0.678670360110803)
(0	0	0.706371191135734)
(0	0	0.734072022160665)
(0	0	0.761772853185596)
(0	0	0.789473684210526)
(0	0	0.817174515235457)
(0	0	0.844875346260388)
(0	0	0.872576177285319)
(0	0	0.900277008310249)
(0	0	0.927977839335180)
(0	0	0.955678670360111)
(0	0	0.983379501385042)
(0	0	1.01108033240997)
(0	0	1.03878116343490)
(0	0	1.06648199445983)
(0	0	1.09418282548476)
(0	0	1.12188365650970)
(0	0	1.14958448753463)
(0	0	1.17728531855956)
(0	0	1.20498614958449)
(0	0	1.23268698060942)
(0	0	1.26038781163435)
(0	0	1.28808864265928)
(0	0	1.31578947368421)
(0	0	1.34349030470914)
(0	0	1.37119113573407)
(0	0	1.39889196675900)
(0	0	1.42659279778393)
(0	0	1.45429362880886)
(0	0	1.48199445983380)
(0	0	1.50969529085873)
(0	0	1.53739612188366)
(0	0	1.56509695290859)
(0	0	1.59279778393352)
(0	0	1.62049861495845)
(0	0	1.64819944598338)
(0	0	1.67590027700831)
(0	0	1.67590027700831)
(0	0	1.70360110803324)
(0	0	1.73130193905817)
(0	0	1.75900277008310)
(0	0	1.78670360110803)
(0	0	1.81440443213296)
(0	0	1.84210526315789)
(0	0	1.86980609418283)
(0	0	1.89750692520776)
(0	0	1.92520775623269)
(0	0	1.95290858725762)
(0	0	1.98060941828255)
(0	0	2.00831024930748)
(0	0	2.03601108033241)
(0	0	2.06371191135734)
(0	0	2.09141274238227)
(0	0	2.11911357340720)
(0	0	2.14681440443213)
(0	0	2.17451523545706)
(0	0	2.20221606648199)
(0	0	2.22991689750693)
(0	0	2.25761772853186)
(0	0	2.28531855955679)
(0	0	2.31301939058172)
(0	0	2.34072022160665)
(0	0	2.36842105263158)
(0	0	2.39612188365651)
(0	0	2.42382271468144)
(0	0	2.45152354570637)
(0	0	2.47922437673130)
(0	0	2.50692520775623)
(0	0	2.53462603878116)
(0	0	2.56232686980609)
(0	0	2.59002770083103)
(0	0	2.61772853185596)
(0	0	2.64542936288089)
(0	0	2.67313019390582)
(0	0	2.70083102493075)
(0	0	2.72853185595568)
(0	0	2.75623268698061)
(0	0	2.78393351800554)
(0	0	2.81163434903047)
(0	0	2.83933518005540)
(0	0	2.86703601108033)
(0	0	2.89473684210526)
(0	0	2.92243767313019)
(0	0	2.95013850415512)
(0	0	2.97783933518006)
(0	0	3.00554016620499)
(0	0	3.03324099722992)
(0	0	3.06094182825485)
(0	0	3.08864265927978)
(0	0	3.11634349030471)
(0	0	3.14404432132964)
(0	0	3.17174515235457)
(0	0	3.19944598337950)
(0	0	3.22714681440443)
(0	0	3.25484764542936)
(0	0	3.28254847645429)
(0	0	3.31024930747922)
(0	0	3.33795013850416)
(0	0	3.33795013850416)
(0	0	3.36565096952909)
(0	0	3.39335180055402)
(0	0	3.42105263157895)
(0	0	3.44875346260388)
(0	0	3.47645429362881)
(0	0	3.50415512465374)
(0	0	3.53185595567867)
(0	0	3.55955678670360)
(0	0	3.58725761772853)
(0	0	3.61495844875346)
(0	0	3.64265927977839)
(0	0	3.67036011080332)
(0	0	3.69806094182826)
(0	0	3.72576177285319)
(0	0	3.75346260387812)
(0	0	3.78116343490305)
(0	0	3.80886426592798)
(0	0	3.83656509695291)
(0	0	3.86426592797784)
(0	0	3.89196675900277)
(0	0	3.91966759002770)
(0	0	3.94736842105263)
(0	0	3.97506925207756)
(0	0	4.00277008310249)
(0	0	4.03047091412742)
(0	0	4.05817174515236)
(0	0	4.08587257617729)
(0	0	4.11357340720222)
(0	0	4.14127423822715)
(0	0	4.16897506925208)
(0	0	4.19667590027701)
(0	0	4.22437673130194)
(0	0	4.25207756232687)
(0	0	4.27977839335180)
(0	0	4.30747922437673)
(0	0	4.33518005540166)
(0	0	4.36288088642659)
(0	0	4.39058171745152)
(0	0	4.41828254847645)
(0	0	4.44598337950139)
(0	0	4.47368421052632)
(0	0	4.50138504155125)
(0	0	4.52908587257618)
(0	0	4.55678670360111)
(0	0	4.58448753462604)
(0	0	4.61218836565097)
(0	0	4.63988919667590)
(0	0	4.66759002770083)
(0	0	4.69529085872576)
(0	0	4.72299168975069)
(0	0	4.75069252077562)
(0	0	4.77839335180055)
(0	0	4.80609418282548)
(0	0	4.83379501385042)
(0	0	4.86149584487535)
(0	0	4.88919667590028)
(0	0	4.91689750692521)
(0	0	4.94459833795014)
(0	0	4.97229916897507)
(0	0	5)
(0	10	0.0138504155124654)
(0	10	0.0415512465373961)
(0	10	0.0692520775623269)
(0	10	0.0969529085872576)
(0	10	0.124653739612188)
(0	10	0.152354570637119)
(0	10	0.180055401662050)
(0	10	0.207756232686981)
(0	10	0.235457063711911)
(0	10	0.263157894736842)
(0	10	0.290858725761773)
(0	10	0.318559556786704)
(0	10	0.346260387811634)
(0	10	0.373961218836565)
(0	10	0.401662049861496)
(0	10	0.429362880886427)
(0	10	0.457063711911357)
(0	10	0.484764542936288)
(0	10	0.512465373961219)
(0	10	0.540166204986150)
(0	10	0.567867036011080)
(0	10	0.595567867036011)
(0	10	0.623268698060942)
(0	10	0.650969529085873)
(0	10	0.678670360110803)
(0	10	0.706371191135734)
(0	10	0.734072022160665)
(0	10	0.761772853185596)
(0	10	0.789473684210526)
(0	10	0.817174515235457)
(0	10	0.844875346260388)
(0	10	0.872576177285319)
(0	10	0.900277008310249)
(0	10	0.927977839335180)
(0	10	0.955678670360111)
(0	10	0.983379501385042)
(0	10	1.01108033240997)
(0	10	1.03878116343490)
(0	10	1.06648199445983)
(0	10	1.09418282548476)
(0	10	1.12188365650970)
(0	10	1.14958448753463)
(0	10	1.17728531855956)
(0	10	1.20498614958449)
(0	10	1.23268698060942)
(0	10	1.26038781163435)
(0	10	1.28808864265928)
(0	10	1.31578947368421)
(0	10	1.34349030470914)
(0	10	1.37119113573407)
(0	10	1.39889196675900)
(0	10	1.42659279778393)
(0	10	1.45429362880886)
(0	10	1.48199445983380)
(0	10	1.50969529085873)
(0	10	1.53739612188366)
(0	10	1.56509695290859)
(0	10	1.59279778393352)
(0	10	1.62049861495845)
(0	10	1.64819944598338)
(0	10	1.67590027700831)
(0	10	1.67590027700831)
(0	10	1.70360110803324)
(0	10	1.73130193905817)
(0	10	1.75900277008310)
(0	10	1.78670360110803)
(0	10	1.81440443213296)
(0	10	1.84210526315789)
(0	10	1.86980609418283)
(0	10	1.89750692520776)
(0	10	1.92520775623269)
(0	10	1.95290858725762)
(0	10	1.98060941828255)
(0	10	2.00831024930748)
(0	10	2.03601108033241)
(0	10	2.06371191135734)
(0	10	2.09141274238227)
(0	10	2.11911357340720)
(0	10	2.14681440443213)
(0	10	2.17451523545706)
(0	10	2.20221606648199)
(0	10	2.22991689750693)
(0	10	2.25761772853186)
(0	10	2.28531855955679)
(0	10	2.31301939058172)
(0	10	2.34072022160665)
(0	10	2.36842105263158)
(0	10	2.39612188365651)
(0	10	2.42382271468144)
(0	10	2.45152354570637)
(0	10	2.47922437673130)
(0	10	2.50692520775623)
(0	10	2.53462603878116)
(0	10	2.56232686980609)
(0	10	2.59002770083103)
(0	10	2.61772853185596)
(0	10	2.64542936288089)
(0	10	2.67313019390582)
(0	10	2.70083102493075)
(0	10	2.72853185595568)
(0	10	2.75623268698061)
(0	10	2.78393351800554)
(0	10	2.81163434903047)
(0	10	2.83933518005540)
(0	10	2.86703601108033)
(0	10	2.89473684210526)
(0	10	2.92243767313019)
(0	10	2.95013850415512)
(0	10	2.97783933518006)
(0	10	3.00554016620499)
(0	10	3.03324099722992)
(0	10	3.06094182825485)
(0	10	3.08864265927978)
(0	10	3.11634349030471)
(0	10	3.14404432132964)
(0	10	3.17174515235457)
(0	10	3.19944598337950)
(0	10	3.22714681440443)
(0	10	3.25484764542936)
(0	10	3.28254847645429)
(0	10	3.31024930747922)
(0	10	3.33795013850416)
(0	10	3.33795013850416)
(0	10	3.36565096952909)
(0	10	3.39335180055402)
(0	10	3.42105263157895)
(0	10	3.44875346260388)
(0	10	3.47645429362881)
(0	10	3.50415512465374)
(0	10	3.53185595567867)
(0	10	3.55955678670360)
(0	10	3.58725761772853)
(0	10	3.61495844875346)
(0	10	3.64265927977839)
(0	10	3.67036011080332)
(0	10	3.69806094182826)
(0	10	3.72576177285319)
(0	10	3.75346260387812)
(0	10	3.78116343490305)
(0	10	3.80886426592798)
(0	10	3.83656509695291)
(0	10	3.86426592797784)
(0	10	3.89196675900277)
(0	10	3.91966759002770)
(0	10	3.94736842105263)
(0	10	3.97506925207756)
(0	10	4.00277008310249)
(0	10	4.03047091412742)
(0	10	4.05817174515236)
(0	10	4.08587257617729)
(0	10	4.11357340720222)
(0	10	4.14127423822715)
(0	10	4.16897506925208)
(0	10	4.19667590027701)
(0	10	4.22437673130194)
(0	10	4.25207756232687)
(0	10	4.27977839335180)
(0	10	4.30747922437673)
(0	10	4.33518005540166)
(0	10	4.36288088642659)
(0	10	4.39058171745152)
(0	10	4.41828254847645)
(0	10	4.44598337950139)
(0	10	4.47368421052632)
(0	10	4.50138504155125)
(0	10	4.52908587257618)
(0	10	4.55678670360111)
(0	10	4.58448753462604)
(0	10	4.61218836565097)
(0	10	4.63988919667590)
(0	10	4.66759002770083)
(0	10	4.69529085872576)
(0	10	4.72299168975069)
(0	10	4.75069252077562)
(0	10	4.77839335180055)
(0	10	4.80609418282548)
(0	10	4.83379501385042)
(0	10	4.86149584487535)
(0	10	4.88919667590028)
(0	10	4.91689750692521)
(0	10	4.94459833795014)
(0	10	4.97229916897507)
(0	10	5)
)