/*--------------------------------*- C++ -*----------------------------------*\
  =========                 |
  \\      /  F ield         | OpenFOAM: The Open Source CFD Toolbox
   \\    /   O peration     | Website:  https://openfoam.org
    \\  /    A nd           | Version:  8
     \\/     M anipulation  |
-------------------------------------------------------------------------------
Description
    Writes out values of fields from cells nearest to specified locations.

\*---------------------------------------------------------------------------*/

fields (U);
probeLocations
(
    (5 0.001 -1)
    (5 0.005 -1)
    (5 0.01 -1)
    (5 0.02 -1)
    (5 0.05 -1)
    (5 0.1 -1)
    (5 0.2 -1)
    (5 0.3 -1)
    (5 0.4 -1)
    (5 0.5 -1)
    (5 0.7 -1)
    (5 1 -1)
    (5 1.5 -1)
    (5 2 -1)
    (5 2.5 -1)
    (5 3 -1)
    (5 3.5 -1)
    (5 4 -1)
    (5 4.5 -1)
    (5 4.9 -1)

    (5 0.001 -0.5)
    (5 0.005 -0.5)
    (5 0.01 -0.5)
    (5 0.02 -0.5)
    (5 0.05 -0.5)
    (5 0.1 -0.5)
    (5 0.2 -0.5)
    (5 0.3 -0.5)
    (5 0.4 -0.5)
    (5 0.5 -0.5)
    (5 0.7 -0.5)
    (5 1 -0.5)
    (5 1.5 -0.5)
    (5 2 -0.5)
    (5 2.5 -0.5)
    (5 3 -0.5)
    (5 3.5 -0.5)
    (5 4 -0.5)
    (5 4.5 -0.5)
    (5 4.9 -0.5)

    (5 0.001 0)
    (5 0.005 0)
    (5 0.01 0)
    (5 0.02 0)
    (5 0.05 0)
    (5 0.1 0)
    (5 0.2 0)
    (5 0.3 0)
    (5 0.4 0)
    (5 0.5 0)
    (5 0.7 0)
    (5 1 0)
    (5 1.5 0)
    (5 2 0)
    (5 2.5 0)
    (5 3 0)
    (5 3.5 0)
    (5 4 0)
    (5 4.5 0)
    (5 4.9 0)

    (5 0.001 0.5)
    (5 0.005 0.5)
    (5 0.01 0.5)
    (5 0.02 0.5)
    (5 0.05 0.5)
    (5 0.1 0.5)
    (5 0.2 0.5)
    (5 0.3 0.5)
    (5 0.4 0.5)
    (5 0.5 0.5)
    (5 0.7 0.5)
    (5 1 0.5)
    (5 1.5 0.5)
    (5 2 0.5)
    (5 2.5 0.5)
    (5 3 0.5)
    (5 3.5 0.5)
    (5 4 0.5)
    (5 4.5 0.5)
    (5 4.9 0.5)

    (5 0.001 1)
    (5 0.005 1)
    (5 0.01 1)
    (5 0.02 1)
    (5 0.05 1)
    (5 0.1 1)
    (5 0.2 1)
    (5 0.3 1)
    (5 0.4 1)
    (5 0.5 1)
    (5 0.7 1)
    (5 1 1)
    (5 1.5 1)
    (5 2 1)
    (5 2.5 1)
    (5 3 1)
    (5 3.5 1)
    (5 4 1)
    (5 4.5 1)
    (5 4.9 1)
);

// ************************************************************************* //
